   WAVE        REDDENING
    cm
9.120000e-06 0.000000e+00
9.226562e-06 0.000000e+00
9.334368e-06 0.000000e+00
9.443435e-06 0.000000e+00
9.553776e-06 0.000000e+00
9.665406e-06 0.000000e+00
9.778340e-06 0.000000e+00
9.892594e-06 0.000000e+00
1.000818e-05 1.371961e-02
1.012512e-05 1.540695e-02
1.024343e-05 1.721545e-02
1.036312e-05 1.914385e-02
1.048420e-05 2.118993e-02
1.060671e-05 2.335105e-02
1.073064e-05 2.562278e-02
1.085602e-05 2.800055e-02
1.098286e-05 3.047860e-02
1.111119e-05 3.305085e-02
1.124102e-05 3.571014e-02
1.137237e-05 3.844894e-02
1.150524e-05 4.125878e-02
1.163968e-05 4.413181e-02
1.177568e-05 4.705861e-02
1.191327e-05 5.003030e-02
1.205247e-05 5.303765e-02
1.219330e-05 5.607130e-02
1.233577e-05 5.912164e-02
1.247990e-05 6.217931e-02
1.262572e-05 6.523524e-02
1.277325e-05 6.828027e-02
1.292249e-05 7.130501e-02
1.307349e-05 7.430130e-02
1.322624e-05 7.725999e-02
1.338078e-05 8.017318e-02
1.353713e-05 8.303284e-02
1.369530e-05 8.583099e-02
1.385532e-05 8.856029e-02
1.401721e-05 9.121343e-02
1.418100e-05 9.378346e-02
1.434669e-05 9.626317e-02
1.451433e-05 9.864620e-02
1.468392e-05 1.009255e-01
1.485549e-05 1.030946e-01
1.502907e-05 1.051468e-01
1.520467e-05 1.070751e-01
1.538233e-05 1.088726e-01
1.556206e-05 1.105316e-01
1.574390e-05 1.120444e-01
1.592785e-05 1.134023e-01
1.611396e-05 1.145961e-01
1.630224e-05 1.156157e-01
1.649272e-05 1.164496e-01
1.668543e-05 1.170854e-01
1.688039e-05 1.175087e-01
1.707763e-05 1.177182e-01
1.727717e-05 1.177433e-01
1.747904e-05 1.175645e-01
1.768327e-05 1.171550e-01
1.788989e-05 1.164852e-01
1.809893e-05 1.155233e-01
1.831040e-05 1.142353e-01
1.852435e-05 1.125864e-01
1.874079e-05 1.105434e-01
1.895977e-05 1.080770e-01
1.918130e-05 1.051679e-01
1.940542e-05 1.018121e-01
1.963216e-05 9.803060e-02
1.986155e-05 9.387975e-02
2.009362e-05 8.946205e-02
2.032840e-05 8.493513e-02
2.056593e-05 8.051439e-02
2.080623e-05 7.646627e-02
2.104934e-05 7.308728e-02
2.129529e-05 7.067267e-02
2.154411e-05 6.947866e-02
2.179584e-05 6.968766e-02
2.205051e-05 7.138343e-02
2.230816e-05 7.454014e-02
2.256881e-05 7.902674e-02
2.283252e-05 8.462808e-02
2.309930e-05 9.107579e-02
2.336920e-05 9.808728e-02
2.364226e-05 1.053978e-01
2.391850e-05 1.127827e-01
2.419798e-05 1.200691e-01
2.448072e-05 1.271337e-01
2.476676e-05 1.338983e-01
2.505614e-05 1.403199e-01
2.534891e-05 1.463820e-01
2.564509e-05 1.520858e-01
2.594474e-05 1.574446e-01
2.624789e-05 1.624783e-01
2.655458e-05 1.672104e-01
2.686486e-05 1.716660e-01
2.717875e-05 1.760429e-01
2.749632e-05 1.804195e-01
2.781760e-05 1.846945e-01
2.814263e-05 1.888699e-01
2.847146e-05 1.929487e-01
2.880413e-05 1.969338e-01
2.914069e-05 2.008291e-01
2.948118e-05 2.046386e-01
2.982565e-05 2.083667e-01
3.017415e-05 2.120183e-01
3.052671e-05 2.155981e-01
3.088340e-05 2.191114e-01
3.124425e-05 2.225635e-01
3.160932e-05 2.259597e-01
3.197866e-05 2.293055e-01
3.235231e-05 2.326063e-01
3.273033e-05 2.358677e-01
3.311276e-05 2.390951e-01
3.349966e-05 2.422940e-01
3.389109e-05 2.454699e-01
3.428708e-05 2.486279e-01
3.468771e-05 2.517735e-01
3.509301e-05 2.549116e-01
3.550305e-05 2.580474e-01
3.591789e-05 2.611860e-01
3.633756e-05 2.643319e-01
3.676215e-05 2.674902e-01
3.719169e-05 2.706653e-01
3.762625e-05 2.738617e-01
3.806589e-05 2.770840e-01
3.851067e-05 2.803363e-01
3.896064e-05 2.836227e-01
3.941587e-05 2.869475e-01
3.987642e-05 2.903145e-01
4.034236e-05 2.937276e-01
4.081373e-05 2.971904e-01
4.129062e-05 3.007069e-01
4.177307e-05 3.042864e-01
4.226117e-05 3.079455e-01
4.275496e-05 3.117009e-01
4.325453e-05 3.155691e-01
4.375993e-05 3.195661e-01
4.427124e-05 3.237078e-01
4.478852e-05 3.280099e-01
4.531185e-05 3.324877e-01
4.584129e-05 3.371567e-01
4.637692e-05 3.420321e-01
4.691880e-05 3.471288e-01
4.746702e-05 3.524446e-01
4.802164e-05 3.579554e-01
4.858275e-05 3.636365e-01
4.915041e-05 3.694628e-01
4.972470e-05 3.754096e-01
5.030570e-05 3.814525e-01
5.089349e-05 3.875672e-01
5.148815e-05 3.937293e-01
5.208976e-05 3.999148e-01
5.269840e-05 4.060996e-01
5.331415e-05 4.122600e-01
5.393709e-05 4.183725e-01
5.456731e-05 4.244138e-01
5.520490e-05 4.303647e-01
5.584993e-05 4.362319e-01
5.650251e-05 4.420345e-01
5.716270e-05 4.477910e-01
5.783062e-05 4.535200e-01
5.850633e-05 4.592393e-01
5.918994e-05 4.649670e-01
5.988154e-05 4.707203e-01
6.058122e-05 4.765143e-01
6.128908e-05 4.823504e-01
6.200520e-05 4.882245e-01
6.272969e-05 4.941327e-01
6.346265e-05 5.000710e-01
6.420418e-05 5.060355e-01
6.495436e-05 5.120222e-01
6.571331e-05 5.180274e-01
6.648113e-05 5.240476e-01
6.725793e-05 5.300789e-01
6.804379e-05 5.361178e-01
6.883885e-05 5.421610e-01
6.964319e-05 5.482047e-01
7.045692e-05 5.542458e-01
7.128017e-05 5.602810e-01
7.211304e-05 5.663070e-01
7.295563e-05 5.723207e-01
7.380807e-05 5.783190e-01
7.467048e-05 5.842992e-01
7.554296e-05 5.902581e-01
7.642563e-05 5.961930e-01
7.731862e-05 6.021013e-01
7.822204e-05 6.079801e-01
7.913602e-05 6.138271e-01
8.006067e-05 6.196397e-01
8.099613e-05 6.254156e-01
8.194252e-05 6.311525e-01
8.289997e-05 6.368482e-01
8.386861e-05 6.425005e-01
8.484856e-05 6.481075e-01
8.583996e-05 6.536671e-01
8.684295e-05 6.591776e-01
8.785766e-05 6.646371e-01
8.888422e-05 6.700440e-01
8.992278e-05 6.753967e-01
9.097347e-05 6.806937e-01
9.203644e-05 6.859335e-01
9.311183e-05 6.911149e-01
9.419979e-05 6.962365e-01
9.530046e-05 7.012971e-01
9.641398e-05 7.062957e-01
9.754052e-05 7.112312e-01
9.868023e-05 7.161028e-01
9.983324e-05 7.209094e-01
1.009997e-04 7.256502e-01
1.021799e-04 7.303251e-01
1.033738e-04 7.349326e-01
1.045816e-04 7.394723e-01
1.058036e-04 7.439441e-01
1.070398e-04 7.483471e-01
1.082905e-04 7.526814e-01
1.095559e-04 7.569466e-01
1.108359e-04 7.611417e-01
1.121310e-04 7.652674e-01
1.134412e-04 7.693232e-01
1.147667e-04 7.733090e-01
1.161076e-04 7.772246e-01
1.174643e-04 7.810705e-01
1.188368e-04 7.848464e-01
1.202253e-04 7.885524e-01
1.216301e-04 7.921890e-01
1.230513e-04 7.957562e-01
1.244890e-04 7.992547e-01
1.259436e-04 8.026864e-01
1.274152e-04 8.060521e-01
1.289040e-04 8.093532e-01
1.304101e-04 8.125907e-01
1.319339e-04 8.157663e-01
1.334755e-04 8.188808e-01
1.350350e-04 8.219353e-01
1.366128e-04 8.249312e-01
1.382091e-04 8.278699e-01
1.398240e-04 8.307520e-01
1.414577e-04 8.335788e-01
1.431106e-04 8.363517e-01
1.447827e-04 8.390713e-01
1.464744e-04 8.417390e-01
1.481859e-04 8.443558e-01
1.499174e-04 8.469227e-01
1.516691e-04 8.494406e-01
1.534412e-04 8.519106e-01
1.552341e-04 8.543337e-01
1.570479e-04 8.567109e-01
1.588829e-04 8.590430e-01
1.607394e-04 8.613310e-01
1.626175e-04 8.635758e-01
1.645176e-04 8.657783e-01
1.664399e-04 8.679394e-01
1.683846e-04 8.700599e-01
1.703521e-04 8.721407e-01
1.723426e-04 8.741826e-01
1.743563e-04 8.761863e-01
1.763935e-04 8.781527e-01
1.784546e-04 8.800827e-01
1.805397e-04 8.819768e-01
1.826492e-04 8.838359e-01
1.847834e-04 8.856607e-01
1.869424e-04 8.874518e-01
1.891267e-04 8.892101e-01
1.913366e-04 8.909363e-01
1.935722e-04 8.926308e-01
1.958340e-04 8.942945e-01
1.981222e-04 8.959279e-01
2.004371e-04 8.981099e-01
2.027791e-04 8.997600e-01
2.051485e-04 9.013716e-01
2.075455e-04 9.029455e-01
2.099706e-04 9.044830e-01
2.124239e-04 9.059845e-01
2.149060e-04 9.074513e-01
2.174170e-04 9.088840e-01
2.199574e-04 9.102835e-01
2.225275e-04 9.116506e-01
2.251276e-04 9.129861e-01
2.277581e-04 9.142908e-01
2.304193e-04 9.155653e-01
2.331116e-04 9.168105e-01
2.358353e-04 9.180270e-01
2.385909e-04 9.192156e-01
2.413787e-04 9.203768e-01
2.441991e-04 9.215114e-01
2.470524e-04 9.226200e-01
2.499391e-04 9.237032e-01
2.528595e-04 9.247616e-01
2.558140e-04 9.257957e-01
2.588030e-04 9.268063e-01
2.618270e-04 9.277937e-01
2.648862e-04 9.287586e-01
2.679813e-04 9.297015e-01
2.711125e-04 9.306229e-01
2.742803e-04 9.315234e-01
2.774851e-04 9.324033e-01
2.807273e-04 9.332631e-01
2.840074e-04 9.341034e-01
2.873259e-04 9.349245e-01
2.906831e-04 9.357270e-01
2.940796e-04 9.365112e-01
2.975157e-04 9.372775e-01
3.009920e-04 9.380264e-01
3.045089e-04 9.387582e-01
3.080669e-04 9.394734e-01
3.116665e-04 9.401722e-01
3.153081e-04 9.408551e-01
3.189923e-04 9.415224e-01
3.227195e-04 9.421745e-01
3.264903e-04 9.428116e-01
3.303052e-04 9.434341e-01
3.341646e-04 9.440424e-01
3.380691e-04 9.446366e-01
3.420192e-04 9.452172e-01
3.460155e-04 9.457844e-01
3.500585e-04 9.463385e-01
3.541487e-04 9.468798e-01
3.582867e-04 9.474084e-01
3.624731e-04 9.479248e-01
3.667084e-04 9.484292e-01
3.709931e-04 9.489217e-01
3.753279e-04 9.494026e-01
3.797134e-04 9.498723e-01
3.841501e-04 9.503308e-01
3.886387e-04 9.507784e-01
3.931797e-04 9.512154e-01
3.977738e-04 9.516418e-01
4.024215e-04 9.520580e-01
4.071236e-04 9.524642e-01
4.118806e-04 9.528604e-01
4.166931e-04 9.532470e-01
4.215620e-04 9.536241e-01
4.264876e-04 9.539918e-01
4.314709e-04 9.543503e-01
4.365124e-04 9.546999e-01
4.416128e-04 9.550405e-01
4.467727e-04 9.553725e-01
4.519930e-04 9.556960e-01
4.572743e-04 9.560111e-01
4.626172e-04 9.563179e-01
4.680226e-04 9.566167e-01
4.734912e-04 9.569074e-01
4.790237e-04 9.571903e-01
4.846208e-04 9.574655e-01
4.902833e-04 9.577331e-01
4.960119e-04 9.579932e-01
5.018075e-04 9.582460e-01
5.076708e-04 9.584915e-01
5.136027e-04 9.587299e-01
5.196038e-04 9.589612e-01
5.256750e-04 9.591856e-01
5.318172e-04 9.594031e-01
5.380312e-04 9.596139e-01
5.443178e-04 9.598181e-01
5.506778e-04 9.600156e-01
5.571121e-04 9.602068e-01
5.636216e-04 9.603915e-01
5.702072e-04 9.605698e-01
5.768697e-04 9.607420e-01
5.836101e-04 9.609079e-01
5.904292e-04 9.610678e-01
5.973281e-04 9.612217e-01
6.043075e-04 9.613695e-01
6.113684e-04 9.615115e-01
6.185119e-04 9.616476e-01
6.257388e-04 9.617779e-01
6.330502e-04 9.619025e-01
6.404470e-04 9.620215e-01
6.479303e-04 9.621348e-01
6.555009e-04 9.622425e-01
6.631601e-04 9.623446e-01
6.709087e-04 9.624413e-01
6.787479e-04 9.625325e-01
6.866786e-04 9.626183e-01
6.947020e-04 9.626987e-01
7.028192e-04 9.627738e-01
7.110312e-04 9.628435e-01
7.193392e-04 9.629080e-01
7.277442e-04 9.629672e-01
7.362475e-04 9.630211e-01
7.448501e-04 9.630699e-01
7.535532e-04 9.631134e-01
7.623580e-04 9.631518e-01
7.712657e-04 9.631850e-01
7.802775e-04 0.000000e+00
7.893945e-04 0.000000e+00
7.986181e-04 0.000000e+00
8.079495e-04 0.000000e+00
8.173899e-04 0.000000e+00
8.269406e-04 0.000000e+00
8.366029e-04 0.000000e+00
8.463781e-04 0.000000e+00
8.562675e-04 0.000000e+00
8.662725e-04 0.000000e+00
8.763944e-04 0.000000e+00
8.866345e-04 0.000000e+00
8.969943e-04 0.000000e+00
9.074751e-04 0.000000e+00
9.180784e-04 0.000000e+00
9.288056e-04 0.000000e+00
9.396581e-04 0.000000e+00
9.506375e-04 0.000000e+00
9.617451e-04 0.000000e+00
9.729825e-04 0.000000e+00
9.843512e-04 0.000000e+00
9.958527e-04 0.000000e+00
1.007489e-03 0.000000e+00
1.019261e-03 0.000000e+00
1.031170e-03 0.000000e+00
1.043219e-03 0.000000e+00
1.055408e-03 0.000000e+00
1.067740e-03 0.000000e+00
1.080216e-03 0.000000e+00
1.092837e-03 0.000000e+00
1.105606e-03 0.000000e+00
1.118525e-03 0.000000e+00
1.131594e-03 0.000000e+00
1.144816e-03 0.000000e+00
1.158193e-03 0.000000e+00
1.171725e-03 0.000000e+00
1.185416e-03 0.000000e+00
1.199267e-03 0.000000e+00
1.213280e-03 0.000000e+00
1.227456e-03 0.000000e+00
1.241798e-03 0.000000e+00
1.256308e-03 0.000000e+00
1.270987e-03 0.000000e+00
1.285838e-03 0.000000e+00
1.300862e-03 0.000000e+00
1.316062e-03 0.000000e+00
1.331439e-03 0.000000e+00
1.346996e-03 0.000000e+00
1.362735e-03 0.000000e+00
1.378658e-03 0.000000e+00
1.394767e-03 0.000000e+00
1.411064e-03 0.000000e+00
1.427551e-03 0.000000e+00
1.444231e-03 0.000000e+00
1.461106e-03 0.000000e+00
1.478178e-03 0.000000e+00
1.495450e-03 0.000000e+00
1.512923e-03 0.000000e+00
1.530601e-03 0.000000e+00
1.548485e-03 0.000000e+00
1.566578e-03 0.000000e+00
1.584883e-03 0.000000e+00
1.603401e-03 0.000000e+00
1.622136e-03 0.000000e+00
1.641090e-03 0.000000e+00
1.660265e-03 0.000000e+00
1.679664e-03 0.000000e+00
1.699290e-03 0.000000e+00
1.719145e-03 0.000000e+00
1.739232e-03 0.000000e+00
1.759554e-03 0.000000e+00
1.780113e-03 0.000000e+00
1.800913e-03 0.000000e+00
1.821955e-03 0.000000e+00
1.843244e-03 0.000000e+00
1.864781e-03 0.000000e+00
1.886570e-03 0.000000e+00
1.908613e-03 0.000000e+00
1.930914e-03 0.000000e+00
1.953476e-03 0.000000e+00
1.976301e-03 0.000000e+00
1.999393e-03 0.000000e+00
2.022755e-03 0.000000e+00
2.046389e-03 0.000000e+00
2.070300e-03 0.000000e+00
2.094490e-03 0.000000e+00
2.118963e-03 0.000000e+00
2.143722e-03 0.000000e+00
2.168770e-03 0.000000e+00
2.194111e-03 0.000000e+00
2.219748e-03 0.000000e+00
2.245684e-03 0.000000e+00
2.271923e-03 0.000000e+00
2.298469e-03 0.000000e+00
2.325326e-03 0.000000e+00
2.352496e-03 0.000000e+00
2.379983e-03 0.000000e+00
2.407792e-03 0.000000e+00
2.435925e-03 0.000000e+00
2.464388e-03 0.000000e+00
2.493183e-03 0.000000e+00
2.522314e-03 0.000000e+00
2.551786e-03 0.000000e+00
2.581602e-03 0.000000e+00
2.611766e-03 0.000000e+00
2.642283e-03 0.000000e+00
2.673157e-03 0.000000e+00
2.704391e-03 0.000000e+00
2.735990e-03 0.000000e+00
2.767958e-03 0.000000e+00
2.800300e-03 0.000000e+00
2.833020e-03 0.000000e+00
2.866122e-03 0.000000e+00
2.899611e-03 0.000000e+00
2.933491e-03 0.000000e+00
2.967767e-03 0.000000e+00
3.002444e-03 0.000000e+00
3.037526e-03 0.000000e+00
3.073017e-03 0.000000e+00
3.108924e-03 0.000000e+00
3.145249e-03 0.000000e+00
3.182000e-03 0.000000e+00
3.219180e-03 0.000000e+00
3.256794e-03 0.000000e+00
3.294847e-03 0.000000e+00
3.333346e-03 0.000000e+00
3.372294e-03 0.000000e+00
3.411697e-03 0.000000e+00
3.451561e-03 0.000000e+00
3.491890e-03 0.000000e+00
3.532691e-03 0.000000e+00
3.573968e-03 0.000000e+00
3.615728e-03 0.000000e+00
3.657975e-03 0.000000e+00
3.700716e-03 0.000000e+00
3.743957e-03 0.000000e+00
3.787703e-03 0.000000e+00
3.831960e-03 0.000000e+00
3.876734e-03 0.000000e+00
3.922031e-03 0.000000e+00
3.967858e-03 0.000000e+00
4.014220e-03 0.000000e+00
4.061124e-03 0.000000e+00
4.108575e-03 0.000000e+00
4.156581e-03 0.000000e+00
4.205149e-03 0.000000e+00
4.254283e-03 0.000000e+00
4.303992e-03 0.000000e+00
4.354281e-03 0.000000e+00
4.405159e-03 0.000000e+00
4.456630e-03 0.000000e+00
4.508703e-03 0.000000e+00
4.561385e-03 0.000000e+00
4.614682e-03 0.000000e+00
4.668601e-03 0.000000e+00
4.723151e-03 0.000000e+00
4.778338e-03 0.000000e+00
4.834170e-03 0.000000e+00
4.890655e-03 0.000000e+00
4.947799e-03 0.000000e+00
5.005611e-03 0.000000e+00
5.064099e-03 0.000000e+00
5.123270e-03 0.000000e+00
5.183132e-03 0.000000e+00
5.243694e-03 0.000000e+00
5.304963e-03 0.000000e+00
5.366948e-03 0.000000e+00
5.429658e-03 0.000000e+00
5.493100e-03 0.000000e+00
5.557284e-03 0.000000e+00
5.622217e-03 0.000000e+00
5.687909e-03 0.000000e+00
5.754369e-03 0.000000e+00
5.821605e-03 0.000000e+00
5.889627e-03 0.000000e+00
5.958444e-03 0.000000e+00
6.028065e-03 0.000000e+00
6.098499e-03 0.000000e+00
6.169756e-03 0.000000e+00
6.241846e-03 0.000000e+00
6.314778e-03 0.000000e+00
6.388563e-03 0.000000e+00
6.463209e-03 0.000000e+00
6.538728e-03 0.000000e+00
6.615129e-03 0.000000e+00
6.692423e-03 0.000000e+00
6.770620e-03 0.000000e+00
6.849730e-03 0.000000e+00
6.929765e-03 0.000000e+00
7.010735e-03 0.000000e+00
7.092651e-03 0.000000e+00
7.175525e-03 0.000000e+00
7.259366e-03 0.000000e+00
7.344188e-03 0.000000e+00
7.430000e-03 0.000000e+00
7.516815e-03 0.000000e+00
7.604644e-03 0.000000e+00
7.693500e-03 0.000000e+00
7.783394e-03 0.000000e+00
7.874338e-03 0.000000e+00
7.966345e-03 0.000000e+00
8.059427e-03 0.000000e+00
8.153596e-03 0.000000e+00
8.248866e-03 0.000000e+00
8.345249e-03 0.000000e+00
8.442758e-03 0.000000e+00
8.541407e-03 0.000000e+00
8.641208e-03 0.000000e+00
8.742175e-03 0.000000e+00
8.844322e-03 0.000000e+00
8.947663e-03 0.000000e+00
9.052211e-03 0.000000e+00
9.157980e-03 0.000000e+00
9.264986e-03 0.000000e+00
9.373242e-03 0.000000e+00
9.482762e-03 0.000000e+00
9.593563e-03 0.000000e+00
9.705658e-03 0.000000e+00
9.819062e-03 0.000000e+00
9.933792e-03 0.000000e+00
1.004986e-02 0.000000e+00
1.016729e-02 0.000000e+00
1.028609e-02 0.000000e+00
1.040627e-02 0.000000e+00
1.052787e-02 0.000000e+00
1.065088e-02 0.000000e+00
1.077533e-02 0.000000e+00
1.090123e-02 0.000000e+00
1.102860e-02 0.000000e+00
1.115747e-02 0.000000e+00
1.128783e-02 0.000000e+00
1.141973e-02 0.000000e+00
1.155316e-02 0.000000e+00
1.168815e-02 0.000000e+00
1.182472e-02 0.000000e+00
1.196288e-02 0.000000e+00
1.210266e-02 0.000000e+00
1.224407e-02 0.000000e+00
1.238714e-02 0.000000e+00
1.253188e-02 0.000000e+00
1.267830e-02 0.000000e+00
1.282644e-02 0.000000e+00
1.297631e-02 0.000000e+00
1.312793e-02 0.000000e+00
1.328132e-02 0.000000e+00
1.343651e-02 0.000000e+00
1.359350e-02 0.000000e+00
1.375234e-02 0.000000e+00
1.391302e-02 0.000000e+00
1.407559e-02 0.000000e+00
1.424005e-02 0.000000e+00
1.440644e-02 0.000000e+00
1.457477e-02 0.000000e+00
1.474507e-02 0.000000e+00
1.491735e-02 0.000000e+00
1.509166e-02 0.000000e+00
1.526799e-02 0.000000e+00
1.544639e-02 0.000000e+00
1.562687e-02 0.000000e+00
1.580946e-02 0.000000e+00
1.599419e-02 0.000000e+00
1.618107e-02 0.000000e+00
1.637013e-02 0.000000e+00
1.656141e-02 0.000000e+00
1.675492e-02 0.000000e+00
1.695069e-02 0.000000e+00
1.714875e-02 0.000000e+00
1.734912e-02 0.000000e+00
1.755183e-02 0.000000e+00
1.775692e-02 0.000000e+00
1.796440e-02 0.000000e+00
1.817430e-02 0.000000e+00
1.838665e-02 0.000000e+00
1.860149e-02 0.000000e+00
1.881884e-02 0.000000e+00
1.903873e-02 0.000000e+00
1.926118e-02 0.000000e+00
1.948624e-02 0.000000e+00
1.971392e-02 0.000000e+00
1.994427e-02 0.000000e+00
2.017730e-02 0.000000e+00
2.041306e-02 0.000000e+00
2.065158e-02 0.000000e+00
2.089288e-02 0.000000e+00
2.113700e-02 0.000000e+00
2.138397e-02 0.000000e+00
2.163383e-02 0.000000e+00
2.188661e-02 0.000000e+00
2.214234e-02 0.000000e+00
2.240106e-02 0.000000e+00
2.266280e-02 0.000000e+00
2.292760e-02 0.000000e+00
2.319550e-02 0.000000e+00
2.346652e-02 0.000000e+00
2.374072e-02 0.000000e+00
2.401811e-02 0.000000e+00
2.429875e-02 0.000000e+00
2.458267e-02 0.000000e+00
2.486990e-02 0.000000e+00
2.516049e-02 0.000000e+00
2.545447e-02 0.000000e+00
2.575189e-02 0.000000e+00
2.605279e-02 0.000000e+00
2.635720e-02 0.000000e+00
2.666517e-02 0.000000e+00
2.697673e-02 0.000000e+00
2.729194e-02 0.000000e+00
2.761083e-02 0.000000e+00
2.793345e-02 0.000000e+00
2.825983e-02 0.000000e+00
2.859003e-02 0.000000e+00
2.892409e-02 0.000000e+00
2.926205e-02 0.000000e+00
2.960396e-02 0.000000e+00
2.994986e-02 0.000000e+00
3.029981e-02 0.000000e+00
3.065384e-02 0.000000e+00
3.101202e-02 0.000000e+00
3.137437e-02 0.000000e+00
3.174096e-02 0.000000e+00
3.211184e-02 0.000000e+00
3.248704e-02 0.000000e+00
3.286663e-02 0.000000e+00
3.325066e-02 0.000000e+00
3.363918e-02 0.000000e+00
3.403223e-02 0.000000e+00
3.442987e-02 0.000000e+00
3.483217e-02 0.000000e+00
3.523916e-02 0.000000e+00
3.565091e-02 0.000000e+00
3.606747e-02 0.000000e+00
3.648889e-02 0.000000e+00
3.691524e-02 0.000000e+00
3.734658e-02 0.000000e+00
3.778295e-02 0.000000e+00
3.822442e-02 0.000000e+00
3.867105e-02 0.000000e+00
3.912290e-02 0.000000e+00
3.958002e-02 0.000000e+00
4.004249e-02 0.000000e+00
4.051036e-02 0.000000e+00
4.098370e-02 0.000000e+00
4.146257e-02 0.000000e+00
4.194704e-02 0.000000e+00
4.243716e-02 0.000000e+00
4.293302e-02 0.000000e+00
4.343466e-02 0.000000e+00
4.394217e-02 0.000000e+00
4.445561e-02 0.000000e+00
4.497504e-02 0.000000e+00
4.550055e-02 0.000000e+00
4.603220e-02 0.000000e+00
4.657005e-02 0.000000e+00
4.711420e-02 0.000000e+00
4.766470e-02 0.000000e+00
4.822163e-02 0.000000e+00
4.878507e-02 0.000000e+00
4.935510e-02 0.000000e+00
4.993178e-02 0.000000e+00
5.051520e-02 0.000000e+00
5.110544e-02 0.000000e+00
5.170258e-02 0.000000e+00
5.230669e-02 0.000000e+00
5.291786e-02 0.000000e+00
5.353618e-02 0.000000e+00
5.416171e-02 0.000000e+00
5.479456e-02 0.000000e+00
5.543480e-02 0.000000e+00
5.608252e-02 0.000000e+00
5.673781e-02 0.000000e+00
5.740076e-02 0.000000e+00
5.807145e-02 0.000000e+00
5.874998e-02 0.000000e+00
5.943644e-02 0.000000e+00
6.013092e-02 0.000000e+00
6.083351e-02 0.000000e+00
6.154432e-02 0.000000e+00
6.226342e-02 0.000000e+00
6.299093e-02 0.000000e+00
6.372695e-02 0.000000e+00
6.447156e-02 0.000000e+00
6.522487e-02 0.000000e+00
6.598698e-02 0.000000e+00
6.675800e-02 0.000000e+00
6.753802e-02 0.000000e+00
6.832716e-02 0.000000e+00
6.912553e-02 0.000000e+00
6.993322e-02 0.000000e+00
7.075034e-02 0.000000e+00
7.157702e-02 0.000000e+00
7.241335e-02 0.000000e+00
7.325946e-02 0.000000e+00
7.411545e-02 0.000000e+00
7.498144e-02 0.000000e+00
7.585756e-02 0.000000e+00
7.674391e-02 0.000000e+00
7.764061e-02 0.000000e+00
7.854780e-02 0.000000e+00
7.946558e-02 0.000000e+00
8.039409e-02 0.000000e+00
8.133344e-02 0.000000e+00
8.228377e-02 0.000000e+00
8.324521e-02 0.000000e+00
8.421788e-02 0.000000e+00
8.520191e-02 0.000000e+00
8.619745e-02 0.000000e+00
8.720461e-02 0.000000e+00
8.822355e-02 0.000000e+00
8.925438e-02 0.000000e+00
9.029727e-02 0.000000e+00
9.135234e-02 0.000000e+00
9.241973e-02 0.000000e+00
9.349960e-02 0.000000e+00
9.459209e-02 0.000000e+00
9.569734e-02 0.000000e+00
9.681550e-02 0.000000e+00
9.794673e-02 0.000000e+00
9.909118e-02 0.000000e+00
1.002490e-01 0.000000e+00
1.014204e-01 0.000000e+00
1.026054e-01 0.000000e+00
1.038043e-01 0.000000e+00
1.050172e-01 0.000000e+00
1.062442e-01 0.000000e+00
1.074856e-01 0.000000e+00
1.087415e-01 0.000000e+00
1.100121e-01 0.000000e+00
1.112975e-01 0.000000e+00
1.125980e-01 0.000000e+00
1.139136e-01 0.000000e+00
1.152446e-01 0.000000e+00
1.165912e-01 0.000000e+00
1.179535e-01 0.000000e+00
1.193317e-01 0.000000e+00
1.207260e-01 0.000000e+00
1.221366e-01 0.000000e+00
1.235637e-01 0.000000e+00
1.250075e-01 0.000000e+00
1.264681e-01 0.000000e+00
1.279458e-01 0.000000e+00
1.294408e-01 0.000000e+00
1.309532e-01 0.000000e+00
1.324833e-01 0.000000e+00
1.340313e-01 0.000000e+00
1.355974e-01 0.000000e+00
1.371818e-01 0.000000e+00
1.387847e-01 0.000000e+00
1.404063e-01 0.000000e+00
1.420468e-01 0.000000e+00
1.437066e-01 0.000000e+00
1.453857e-01 0.000000e+00
1.470844e-01 0.000000e+00
1.488030e-01 0.000000e+00
1.505417e-01 0.000000e+00
1.523007e-01 0.000000e+00
1.540802e-01 0.000000e+00
1.558806e-01 0.000000e+00
1.577019e-01 0.000000e+00
1.595446e-01 0.000000e+00
1.614088e-01 0.000000e+00
1.632947e-01 0.000000e+00
1.652027e-01 0.000000e+00
1.671330e-01 0.000000e+00
1.690859e-01 0.000000e+00
1.710615e-01 0.000000e+00
1.730603e-01 0.000000e+00
1.750824e-01 0.000000e+00
1.771281e-01 0.000000e+00
1.791978e-01 0.000000e+00
1.812916e-01 0.000000e+00
1.834099e-01 0.000000e+00
1.855529e-01 0.000000e+00
1.877210e-01 0.000000e+00
1.899144e-01 0.000000e+00
1.921334e-01 0.000000e+00
1.943784e-01 0.000000e+00
1.966496e-01 0.000000e+00
1.989473e-01 0.000000e+00
2.012719e-01 0.000000e+00
2.036236e-01 0.000000e+00
2.060028e-01 0.000000e+00
2.084098e-01 0.000000e+00
2.108450e-01 0.000000e+00
2.133086e-01 0.000000e+00
2.158010e-01 0.000000e+00
2.183225e-01 0.000000e+00
2.208734e-01 0.000000e+00
2.234542e-01 0.000000e+00
2.260651e-01 0.000000e+00
2.287066e-01 0.000000e+00
2.313789e-01 0.000000e+00
2.340824e-01 0.000000e+00
2.368175e-01 0.000000e+00
2.395846e-01 0.000000e+00
2.423840e-01 0.000000e+00
2.452161e-01 0.000000e+00
2.480813e-01 0.000000e+00
2.509799e-01 0.000000e+00
2.539125e-01 0.000000e+00
2.568793e-01 0.000000e+00
2.598808e-01 0.000000e+00
2.629173e-01 0.000000e+00
2.659894e-01 0.000000e+00
2.690973e-01 0.000000e+00
2.722415e-01 0.000000e+00
2.754225e-01 0.000000e+00
2.786407e-01 0.000000e+00
2.818964e-01 0.000000e+00
2.851902e-01 0.000000e+00
2.885225e-01 0.000000e+00
2.918937e-01 0.000000e+00
2.953043e-01 0.000000e+00
2.987547e-01 0.000000e+00
3.022455e-01 0.000000e+00
3.057770e-01 0.000000e+00
3.093499e-01 0.000000e+00
3.129644e-01 0.000000e+00
3.166212e-01 0.000000e+00
3.203208e-01 0.000000e+00
3.240635e-01 0.000000e+00
3.278500e-01 0.000000e+00
3.316807e-01 0.000000e+00
3.355562e-01 0.000000e+00
3.394770e-01 0.000000e+00
3.434436e-01 0.000000e+00
3.474565e-01 0.000000e+00
3.515163e-01 0.000000e+00
3.556236e-01 0.000000e+00
3.597788e-01 0.000000e+00
3.639826e-01 0.000000e+00
3.682355e-01 0.000000e+00
3.725381e-01 0.000000e+00
3.768910e-01 0.000000e+00
3.812948e-01 0.000000e+00
3.857500e-01 0.000000e+00
3.902572e-01 0.000000e+00
3.948171e-01 0.000000e+00
3.994303e-01 0.000000e+00
4.040974e-01 0.000000e+00
4.088191e-01 0.000000e+00
4.135959e-01 0.000000e+00
4.184285e-01 0.000000e+00
4.233176e-01 0.000000e+00
4.282638e-01 0.000000e+00
4.332678e-01 0.000000e+00
4.383302e-01 0.000000e+00
4.434519e-01 0.000000e+00
4.486333e-01 0.000000e+00
4.538753e-01 0.000000e+00
4.591786e-01 0.000000e+00
4.645438e-01 0.000000e+00
4.699717e-01 0.000000e+00
4.754631e-01 0.000000e+00
4.810186e-01 0.000000e+00
4.866390e-01 0.000000e+00
4.923251e-01 0.000000e+00
4.980776e-01 0.000000e+00
5.038973e-01 0.000000e+00
5.097850e-01 0.000000e+00
5.157416e-01 0.000000e+00
5.217677e-01 0.000000e+00
5.278642e-01 0.000000e+00
5.340320e-01 0.000000e+00
5.402718e-01 0.000000e+00
5.465846e-01 0.000000e+00
5.529711e-01 0.000000e+00
5.594322e-01 0.000000e+00
5.659689e-01 0.000000e+00
5.725819e-01 0.000000e+00
5.792721e-01 0.000000e+00
5.860406e-01 0.000000e+00
5.928881e-01 0.000000e+00
5.998156e-01 0.000000e+00
6.068241e-01 0.000000e+00
6.139145e-01 0.000000e+00
6.210877e-01 0.000000e+00
6.283448e-01 0.000000e+00
6.356866e-01 0.000000e+00
6.431142e-01 0.000000e+00
6.506286e-01 0.000000e+00
6.582308e-01 0.000000e+00
6.659218e-01 0.000000e+00
6.737027e-01 0.000000e+00
6.815745e-01 0.000000e+00
6.895383e-01 0.000000e+00
6.975951e-01 0.000000e+00
7.057461e-01 0.000000e+00
7.139923e-01 0.000000e+00
7.223349e-01 0.000000e+00
7.307749e-01 0.000000e+00
7.393136e-01 0.000000e+00
7.479520e-01 0.000000e+00
7.566914e-01 0.000000e+00
7.655329e-01 0.000000e+00
7.744777e-01 0.000000e+00
7.835270e-01 0.000000e+00
7.926820e-01 0.000000e+00
8.019440e-01 0.000000e+00
8.113142e-01 0.000000e+00
8.207939e-01 0.000000e+00
8.303844e-01 0.000000e+00
8.400870e-01 0.000000e+00
8.499029e-01 0.000000e+00
8.598335e-01 0.000000e+00
8.698801e-01 0.000000e+00
8.800441e-01 0.000000e+00
8.903269e-01 0.000000e+00
9.007298e-01 0.000000e+00
9.112543e-01 0.000000e+00
9.219018e-01 0.000000e+00
9.326736e-01 0.000000e+00
9.435714e-01 0.000000e+00
9.545964e-01 0.000000e+00
9.657503e-01 0.000000e+00
9.770345e-01 0.000000e+00
9.884506e-01 0.000000e+00
1.000000e+00 0.000000e+00
