   WAVE          FLUX
    cm        erg/s/cm^3
9.120000e-06 2.368492e-18
9.226562e-06 8.536703e-14
9.334368e-06 3.130407e-12
9.443435e-06 6.265321e-12
9.553776e-06 2.082097e-11
9.665406e-06 1.015634e-11
9.778340e-06 6.693335e-11
9.892594e-06 1.918793e-11
1.000818e-05 5.411802e-10
1.012512e-05 7.469969e-10
1.024343e-05 1.399552e-11
1.036312e-05 4.230110e-09
1.048420e-05 5.549374e-08
1.060671e-05 8.531111e-08
1.073064e-05 1.045321e-08
1.085602e-05 2.901188e-07
1.098286e-05 6.899330e-07
1.111119e-05 1.043899e-06
1.124102e-05 3.607424e-06
1.137237e-05 2.240846e-06
1.150524e-05 2.190204e-06
1.163968e-05 4.793578e-07
1.177568e-05 2.374389e-06
1.191327e-05 1.600371e-06
1.205247e-05 8.483238e-06
1.219330e-05 3.814835e-07
1.233577e-05 1.007190e-04
1.247990e-05 1.319873e-04
1.262572e-05 4.490395e-04
1.277325e-05 9.517726e-04
1.292249e-05 2.409928e-03
1.307349e-05 2.984568e-03
1.322624e-05 2.961577e-03
1.338078e-05 1.191547e-03
1.353713e-05 1.233948e-02
1.369530e-05 1.619690e-02
1.385532e-05 1.161643e-02
1.401721e-05 1.063196e-01
1.418100e-05 1.517470e-01
1.434669e-05 3.349344e-01
1.451433e-05 5.098665e-01
1.468392e-05 4.262036e-01
1.485549e-05 9.305808e-01
1.502907e-05 1.791335e+00
1.520467e-05 1.785260e+00
1.538233e-05 5.131379e+00
1.556206e-05 4.427102e+00
1.574390e-05 4.465055e+00
1.592785e-05 7.444910e+00
1.611396e-05 2.019458e+01
1.630224e-05 8.438499e+00
1.649272e-05 2.332041e+01
1.668543e-05 1.989959e+01
1.688039e-05 3.532401e+01
1.707763e-05 2.266981e+02
1.727717e-05 3.921107e+02
1.747904e-05 6.917145e+01
1.768327e-05 8.875374e+02
1.788989e-05 3.798268e+04
1.809893e-05 1.224690e+04
1.831040e-05 4.651174e+03
1.852435e-05 2.290803e+03
1.874079e-05 1.814328e+04
1.895977e-05 3.987377e+03
1.918130e-05 4.418065e+04
1.940542e-05 1.131463e+05
1.963216e-05 6.999442e+04
1.986155e-05 7.243507e+04
2.009362e-05 3.990829e+04
2.032840e-05 4.457671e+04
2.056593e-05 1.876729e+05
2.080623e-05 6.056093e+06
2.104934e-05 3.411631e+05
2.129529e-05 1.130321e+06
2.154411e-05 2.465709e+05
2.179584e-05 6.864553e+04
2.205051e-05 7.274527e+05
2.230816e-05 1.108347e+06
2.256881e-05 7.184240e+04
2.283252e-05 3.523952e+06
2.309930e-05 7.621184e+05
2.336920e-05 6.763226e+06
2.364226e-05 1.679722e+07
2.391850e-05 9.609086e+06
2.419798e-05 2.287173e+07
2.448072e-05 2.893068e+09
2.476676e-05 3.535229e+09
2.505614e-05 1.472042e+09
2.534891e-05 3.255822e+08
2.564509e-05 2.716669e+08
2.594474e-05 8.052230e+06
2.624789e-05 2.031183e+08
2.655458e-05 1.081215e+08
2.686486e-05 2.545641e+09
2.717875e-05 1.053321e+10
2.749632e-05 1.549178e+10
2.781760e-05 2.357101e+10
2.814263e-05 1.768684e+10
2.847146e-05 6.834269e+09
2.880413e-05 2.090618e+11
2.914069e-05 4.555893e+11
2.948118e-05 1.756429e+10
2.982565e-05 1.609000e+10
3.017415e-05 5.226150e+11
3.052671e-05 1.398485e+12
3.088340e-05 2.469516e+11
3.124425e-05 4.782510e+12
3.160932e-05 5.522059e+12
3.197866e-05 1.748275e+09
3.235231e-05 5.237205e+11
3.273033e-05 2.966626e+10
3.311276e-05 3.431247e+11
3.349966e-05 3.678685e+09
3.389109e-05 1.019890e+10
3.428708e-05 6.044315e+12
3.468771e-05 3.226934e+12
3.509301e-05 8.746826e+12
3.550305e-05 6.103137e+12
3.591789e-05 2.584836e+13
3.633756e-05 7.956886e+12
3.676215e-05 3.033993e+13
3.719169e-05 1.587441e+12
3.762625e-05 6.905962e+12
3.806589e-05 5.212278e+12
3.851067e-05 3.994006e+09
3.896064e-05 1.183136e+11
3.941587e-05 5.127969e+12
3.987642e-05 4.620999e+13
4.034236e-05 2.180868e+09
4.081373e-05 1.530766e+12
4.129062e-05 2.599682e+13
4.177307e-05 5.927307e+12
4.226117e-05 3.370521e+13
4.275496e-05 5.364343e+13
4.325453e-05 3.585452e+13
4.375993e-05 1.363066e+13
4.427124e-05 1.005993e+14
4.478852e-05 1.291561e+14
4.531185e-05 1.382255e+14
4.584129e-05 1.701614e+13
4.637692e-05 5.859536e+13
4.691880e-05 4.377704e+13
4.746702e-05 1.731648e+14
4.802164e-05 1.686060e+14
4.858275e-05 1.496033e+14
4.915041e-05 1.330104e+13
4.972470e-05 1.691631e+14
5.030570e-05 1.850413e+14
5.089349e-05 1.782991e+14
5.148815e-05 6.329321e+13
5.208976e-05 1.658394e+14
5.269840e-05 3.539373e+13
5.331415e-05 4.029312e+13
5.393709e-05 1.880164e+14
5.456731e-05 1.082416e+14
5.520490e-05 1.833155e+14
5.584993e-05 1.743505e+14
5.650251e-05 8.313655e+13
5.716270e-05 1.881108e+14
5.783062e-05 1.877935e+14
5.850633e-05 1.648322e+14
5.918994e-05 1.901137e+14
5.988154e-05 1.835069e+14
6.058122e-05 1.714999e+14
6.128908e-05 1.882170e+14
6.200520e-05 1.867992e+14
6.272969e-05 1.030769e+14
6.346265e-05 1.849010e+14
6.420418e-05 1.817872e+14
6.495436e-05 9.867765e+13
6.571331e-05 1.807131e+14
6.648113e-05 1.830505e+14
6.725793e-05 1.783215e+14
6.804379e-05 1.789107e+14
6.883885e-05 1.790971e+14
6.964319e-05 1.714560e+14
7.045692e-05 1.713828e+14
7.128017e-05 1.728478e+14
7.211304e-05 6.953139e+13
7.295563e-05 1.684870e+14
7.380807e-05 1.704410e+14
7.467048e-05 1.588502e+14
7.554296e-05 1.564764e+14
7.642563e-05 1.635445e+14
7.731862e-05 1.465129e+14
7.822204e-05 1.592458e+14
7.913602e-05 1.576351e+14
8.006067e-05 1.124894e+14
8.099613e-05 1.402422e+14
8.194252e-05 1.450163e+14
8.289997e-05 1.449840e+14
8.386861e-05 1.146813e+14
8.484856e-05 1.453720e+14
8.583996e-05 1.364397e+14
8.684295e-05 1.237713e+14
8.785766e-05 1.380901e+14
8.888422e-05 1.377931e+14
8.992278e-05 1.188913e+14
9.097347e-05 7.936961e+13
9.203644e-05 1.297758e+14
9.311183e-05 1.300990e+14
9.419979e-05 8.211873e+13
9.530046e-05 1.270517e+14
9.641398e-05 1.243649e+14
9.754052e-05 1.227869e+14
9.868023e-05 1.210217e+14
9.983324e-05 1.075002e+14
1.009997e-04 9.653377e+13
1.021799e-04 1.151528e+14
1.033738e-04 1.129403e+14
1.045816e-04 8.035912e+13
1.058036e-04 8.070632e+13
1.070398e-04 9.747001e+13
1.082905e-04 1.012815e+14
1.095559e-04 1.008249e+14
1.108359e-04 9.951797e+13
1.121310e-04 9.923294e+13
1.134412e-04 8.850538e+13
1.147667e-04 9.323182e+13
1.161076e-04 1.183857e+13
1.174643e-04 9.177283e+13
1.188368e-04 9.066037e+13
1.202253e-04 8.773260e+13
1.216301e-04 8.759900e+13
1.230513e-04 8.591121e+13
1.244890e-04 8.322313e+13
1.259436e-04 6.018524e+13
1.274152e-04 8.119979e+13
1.289040e-04 7.975658e+13
1.304101e-04 7.541521e+13
1.319339e-04 7.654199e+13
1.334755e-04 6.654982e+13
1.350350e-04 3.404480e+13
1.366128e-04 7.034517e+13
1.382091e-04 7.202219e+13
1.398240e-04 6.912481e+13
1.414577e-04 6.760626e+13
1.431106e-04 4.364835e+13
1.447827e-04 6.594074e+13
1.464744e-04 4.188094e+13
1.481859e-04 5.052715e+13
1.499174e-04 6.450963e+13
1.516691e-04 5.998305e+13
1.534412e-04 6.055993e+13
1.552341e-04 5.785490e+13
1.570479e-04 4.808543e+13
1.588829e-04 5.800451e+13
1.607394e-04 3.982842e+13
1.626175e-04 5.525351e+13
1.645176e-04 5.400632e+13
1.664399e-04 5.220554e+13
1.683846e-04 4.961330e+13
1.703521e-04 4.114774e+13
1.723426e-04 3.699603e+13
1.743563e-04 4.326281e+13
1.763935e-04 4.230308e+13
1.784546e-04 3.971692e+13
1.805397e-04 3.767871e+13
1.826492e-04 3.816242e+13
1.847834e-04 3.652782e+13
1.869424e-04 3.501416e+13
1.891267e-04 3.385634e+13
1.913366e-04 3.179410e+13
1.935722e-04 3.124446e+13
1.958340e-04 3.006768e+13
1.981222e-04 2.859067e+13
2.004371e-04 2.480023e+13
2.027791e-04 2.658197e+13
2.051485e-04 2.533967e+13
2.075455e-04 2.418756e+13
2.099706e-04 2.177452e+13
2.124239e-04 2.240930e+13
2.149060e-04 2.136995e+13
2.174170e-04 2.021106e+13
2.199574e-04 2.001563e+13
2.225275e-04 1.920008e+13
2.251276e-04 1.837773e+13
2.277581e-04 1.747949e+13
2.304193e-04 1.550993e+13
2.331116e-04 5.244506e+12
2.358353e-04 1.416190e+13
2.385909e-04 4.806920e+12
2.413787e-04 5.519864e+12
2.441991e-04 1.386601e+13
2.470524e-04 5.374985e+12
2.499391e-04 8.097746e+12
2.528595e-04 1.209036e+13
2.558140e-04 1.152249e+13
2.588030e-04 6.210884e+12
2.618270e-04 7.809128e+12
2.648862e-04 1.029920e+13
2.679813e-04 9.646217e+12
2.711125e-04 7.357927e+12
2.742803e-04 9.098177e+12
2.774851e-04 7.020914e+12
2.807273e-04 8.177996e+12
2.840074e-04 6.170283e+12
2.873259e-04 7.576316e+12
2.906831e-04 7.372437e+12
2.940796e-04 6.868396e+12
2.975157e-04 6.755943e+12
3.009920e-04 6.070351e+12
3.045089e-04 6.136741e+12
3.080669e-04 5.821010e+12
3.116665e-04 5.536301e+12
3.153081e-04 5.438285e+12
3.189923e-04 5.224493e+12
3.227195e-04 5.012974e+12
3.264903e-04 4.810445e+12
3.303052e-04 4.607133e+12
3.341646e-04 4.395520e+12
3.380691e-04 4.224421e+12
3.420192e-04 4.051016e+12
3.460155e-04 3.496123e+12
3.500585e-04 3.530224e+12
3.541487e-04 3.483687e+12
3.582867e-04 3.405821e+12
3.624731e-04 3.260947e+12
3.667084e-04 3.107488e+12
3.709931e-04 2.989128e+12
3.753279e-04 2.860776e+12
3.797134e-04 2.724304e+12
3.841501e-04 2.619994e+12
3.886387e-04 2.512796e+12
3.931797e-04 2.402675e+12
3.977738e-04 2.243853e+12
4.024215e-04 2.171735e+12
4.071236e-04 1.775440e+12
4.118806e-04 1.997678e+12
4.166931e-04 1.921545e+12
4.215620e-04 1.845209e+12
4.264876e-04 1.746372e+12
4.314709e-04 1.693012e+12
4.365124e-04 7.966508e+11
4.416128e-04 8.112674e+11
4.467727e-04 1.477457e+12
4.519930e-04 1.021475e+12
4.572743e-04 1.331731e+12
4.626172e-04 6.627817e+11
4.680226e-04 8.287822e+11
4.734912e-04 1.155426e+12
4.790237e-04 7.577972e+11
4.846208e-04 1.001698e+12
4.902833e-04 5.101186e+11
4.960119e-04 7.361073e+11
5.018075e-04 8.022982e+11
5.076708e-04 9.016231e+11
5.136027e-04 6.223738e+11
5.196038e-04 8.107073e+11
5.256750e-04 7.946787e+11
5.318172e-04 4.571583e+11
5.380312e-04 6.594620e+11
5.443178e-04 4.860650e+11
5.506778e-04 0.000000e+00
5.571121e-04 0.000000e+00
5.636216e-04 0.000000e+00
5.702072e-04 0.000000e+00
5.768697e-04 0.000000e+00
5.836101e-04 0.000000e+00
5.904292e-04 0.000000e+00
5.973281e-04 0.000000e+00
6.043075e-04 0.000000e+00
6.113684e-04 0.000000e+00
6.185119e-04 0.000000e+00
6.257388e-04 0.000000e+00
6.330502e-04 0.000000e+00
6.404470e-04 0.000000e+00
6.479303e-04 0.000000e+00
6.555009e-04 0.000000e+00
6.631601e-04 0.000000e+00
6.709087e-04 0.000000e+00
6.787479e-04 0.000000e+00
6.866786e-04 0.000000e+00
6.947020e-04 0.000000e+00
7.028192e-04 0.000000e+00
7.110312e-04 0.000000e+00
7.193392e-04 0.000000e+00
7.277442e-04 0.000000e+00
7.362475e-04 0.000000e+00
7.448501e-04 0.000000e+00
7.535532e-04 0.000000e+00
7.623580e-04 0.000000e+00
7.712657e-04 0.000000e+00
7.802775e-04 0.000000e+00
7.893945e-04 0.000000e+00
7.986181e-04 0.000000e+00
8.079495e-04 0.000000e+00
8.173899e-04 0.000000e+00
8.269406e-04 0.000000e+00
8.366029e-04 0.000000e+00
8.463781e-04 0.000000e+00
8.562675e-04 0.000000e+00
8.662725e-04 0.000000e+00
8.763944e-04 0.000000e+00
8.866345e-04 0.000000e+00
8.969943e-04 0.000000e+00
9.074751e-04 0.000000e+00
9.180784e-04 0.000000e+00
9.288056e-04 0.000000e+00
9.396581e-04 0.000000e+00
9.506375e-04 0.000000e+00
9.617451e-04 0.000000e+00
9.729825e-04 0.000000e+00
9.843512e-04 0.000000e+00
9.958527e-04 0.000000e+00
1.007489e-03 0.000000e+00
1.019261e-03 0.000000e+00
1.031170e-03 0.000000e+00
1.043219e-03 0.000000e+00
1.055408e-03 0.000000e+00
1.067740e-03 0.000000e+00
1.080216e-03 0.000000e+00
1.092837e-03 0.000000e+00
1.105606e-03 0.000000e+00
1.118525e-03 0.000000e+00
1.131594e-03 0.000000e+00
1.144816e-03 0.000000e+00
1.158193e-03 0.000000e+00
1.171725e-03 0.000000e+00
1.185416e-03 0.000000e+00
1.199267e-03 0.000000e+00
1.213280e-03 0.000000e+00
1.227456e-03 0.000000e+00
1.241798e-03 0.000000e+00
1.256308e-03 0.000000e+00
1.270987e-03 0.000000e+00
1.285838e-03 0.000000e+00
1.300862e-03 0.000000e+00
1.316062e-03 0.000000e+00
1.331439e-03 0.000000e+00
1.346996e-03 0.000000e+00
1.362735e-03 0.000000e+00
1.378658e-03 0.000000e+00
1.394767e-03 0.000000e+00
1.411064e-03 0.000000e+00
1.427551e-03 0.000000e+00
1.444231e-03 0.000000e+00
1.461106e-03 0.000000e+00
1.478178e-03 0.000000e+00
1.495450e-03 0.000000e+00
1.512923e-03 0.000000e+00
1.530601e-03 0.000000e+00
1.548485e-03 0.000000e+00
1.566578e-03 0.000000e+00
1.584883e-03 0.000000e+00
1.603401e-03 0.000000e+00
1.622136e-03 0.000000e+00
1.641090e-03 0.000000e+00
1.660265e-03 0.000000e+00
1.679664e-03 0.000000e+00
1.699290e-03 0.000000e+00
1.719145e-03 0.000000e+00
1.739232e-03 0.000000e+00
1.759554e-03 0.000000e+00
1.780113e-03 0.000000e+00
1.800913e-03 0.000000e+00
1.821955e-03 0.000000e+00
1.843244e-03 0.000000e+00
1.864781e-03 0.000000e+00
1.886570e-03 0.000000e+00
1.908613e-03 0.000000e+00
1.930914e-03 0.000000e+00
1.953476e-03 0.000000e+00
1.976301e-03 0.000000e+00
1.999393e-03 0.000000e+00
2.022755e-03 0.000000e+00
2.046389e-03 0.000000e+00
2.070300e-03 0.000000e+00
2.094490e-03 0.000000e+00
2.118963e-03 0.000000e+00
2.143722e-03 0.000000e+00
2.168770e-03 0.000000e+00
2.194111e-03 0.000000e+00
2.219748e-03 0.000000e+00
2.245684e-03 0.000000e+00
2.271923e-03 0.000000e+00
2.298469e-03 0.000000e+00
2.325326e-03 0.000000e+00
2.352496e-03 0.000000e+00
2.379983e-03 0.000000e+00
2.407792e-03 0.000000e+00
2.435925e-03 0.000000e+00
2.464388e-03 0.000000e+00
2.493183e-03 0.000000e+00
2.522314e-03 0.000000e+00
2.551786e-03 0.000000e+00
2.581602e-03 0.000000e+00
2.611766e-03 0.000000e+00
2.642283e-03 0.000000e+00
2.673157e-03 0.000000e+00
2.704391e-03 0.000000e+00
2.735990e-03 0.000000e+00
2.767958e-03 0.000000e+00
2.800300e-03 0.000000e+00
2.833020e-03 0.000000e+00
2.866122e-03 0.000000e+00
2.899611e-03 0.000000e+00
2.933491e-03 0.000000e+00
2.967767e-03 0.000000e+00
3.002444e-03 0.000000e+00
3.037526e-03 0.000000e+00
3.073017e-03 0.000000e+00
3.108924e-03 0.000000e+00
3.145249e-03 0.000000e+00
3.182000e-03 0.000000e+00
3.219180e-03 0.000000e+00
3.256794e-03 0.000000e+00
3.294847e-03 0.000000e+00
3.333346e-03 0.000000e+00
3.372294e-03 0.000000e+00
3.411697e-03 0.000000e+00
3.451561e-03 0.000000e+00
3.491890e-03 0.000000e+00
3.532691e-03 0.000000e+00
3.573968e-03 0.000000e+00
3.615728e-03 0.000000e+00
3.657975e-03 0.000000e+00
3.700716e-03 0.000000e+00
3.743957e-03 0.000000e+00
3.787703e-03 0.000000e+00
3.831960e-03 0.000000e+00
3.876734e-03 0.000000e+00
3.922031e-03 0.000000e+00
3.967858e-03 0.000000e+00
4.014220e-03 0.000000e+00
4.061124e-03 0.000000e+00
4.108575e-03 0.000000e+00
4.156581e-03 0.000000e+00
4.205149e-03 0.000000e+00
4.254283e-03 0.000000e+00
4.303992e-03 0.000000e+00
4.354281e-03 0.000000e+00
4.405159e-03 0.000000e+00
4.456630e-03 0.000000e+00
4.508703e-03 0.000000e+00
4.561385e-03 0.000000e+00
4.614682e-03 0.000000e+00
4.668601e-03 0.000000e+00
4.723151e-03 0.000000e+00
4.778338e-03 0.000000e+00
4.834170e-03 0.000000e+00
4.890655e-03 0.000000e+00
4.947799e-03 0.000000e+00
5.005611e-03 0.000000e+00
5.064099e-03 0.000000e+00
5.123270e-03 0.000000e+00
5.183132e-03 0.000000e+00
5.243694e-03 0.000000e+00
5.304963e-03 0.000000e+00
5.366948e-03 0.000000e+00
5.429658e-03 0.000000e+00
5.493100e-03 0.000000e+00
5.557284e-03 0.000000e+00
5.622217e-03 0.000000e+00
5.687909e-03 0.000000e+00
5.754369e-03 0.000000e+00
5.821605e-03 0.000000e+00
5.889627e-03 0.000000e+00
5.958444e-03 0.000000e+00
6.028065e-03 0.000000e+00
6.098499e-03 0.000000e+00
6.169756e-03 0.000000e+00
6.241846e-03 0.000000e+00
6.314778e-03 0.000000e+00
6.388563e-03 0.000000e+00
6.463209e-03 0.000000e+00
6.538728e-03 0.000000e+00
6.615129e-03 0.000000e+00
6.692423e-03 0.000000e+00
6.770620e-03 0.000000e+00
6.849730e-03 0.000000e+00
6.929765e-03 0.000000e+00
7.010735e-03 0.000000e+00
7.092651e-03 0.000000e+00
7.175525e-03 0.000000e+00
7.259366e-03 0.000000e+00
7.344188e-03 0.000000e+00
7.430000e-03 0.000000e+00
7.516815e-03 0.000000e+00
7.604644e-03 0.000000e+00
7.693500e-03 0.000000e+00
7.783394e-03 0.000000e+00
7.874338e-03 0.000000e+00
7.966345e-03 0.000000e+00
8.059427e-03 0.000000e+00
8.153596e-03 0.000000e+00
8.248866e-03 0.000000e+00
8.345249e-03 0.000000e+00
8.442758e-03 0.000000e+00
8.541407e-03 0.000000e+00
8.641208e-03 0.000000e+00
8.742175e-03 0.000000e+00
8.844322e-03 0.000000e+00
8.947663e-03 0.000000e+00
9.052211e-03 0.000000e+00
9.157980e-03 0.000000e+00
9.264986e-03 0.000000e+00
9.373242e-03 0.000000e+00
9.482762e-03 0.000000e+00
9.593563e-03 0.000000e+00
9.705658e-03 0.000000e+00
9.819062e-03 0.000000e+00
9.933792e-03 0.000000e+00
1.004986e-02 0.000000e+00
1.016729e-02 0.000000e+00
1.028609e-02 0.000000e+00
1.040627e-02 0.000000e+00
1.052787e-02 0.000000e+00
1.065088e-02 0.000000e+00
1.077533e-02 0.000000e+00
1.090123e-02 0.000000e+00
1.102860e-02 0.000000e+00
1.115747e-02 0.000000e+00
1.128783e-02 0.000000e+00
1.141973e-02 0.000000e+00
1.155316e-02 0.000000e+00
1.168815e-02 0.000000e+00
1.182472e-02 0.000000e+00
1.196288e-02 0.000000e+00
1.210266e-02 0.000000e+00
1.224407e-02 0.000000e+00
1.238714e-02 0.000000e+00
1.253188e-02 0.000000e+00
1.267830e-02 0.000000e+00
1.282644e-02 0.000000e+00
1.297631e-02 0.000000e+00
1.312793e-02 0.000000e+00
1.328132e-02 0.000000e+00
1.343651e-02 0.000000e+00
1.359350e-02 0.000000e+00
1.375234e-02 0.000000e+00
1.391302e-02 0.000000e+00
1.407559e-02 0.000000e+00
1.424005e-02 0.000000e+00
1.440644e-02 0.000000e+00
1.457477e-02 0.000000e+00
1.474507e-02 0.000000e+00
1.491735e-02 0.000000e+00
1.509166e-02 0.000000e+00
1.526799e-02 0.000000e+00
1.544639e-02 0.000000e+00
1.562687e-02 0.000000e+00
1.580946e-02 0.000000e+00
1.599419e-02 0.000000e+00
1.618107e-02 0.000000e+00
1.637013e-02 0.000000e+00
1.656141e-02 0.000000e+00
1.675492e-02 0.000000e+00
1.695069e-02 0.000000e+00
1.714875e-02 0.000000e+00
1.734912e-02 0.000000e+00
1.755183e-02 0.000000e+00
1.775692e-02 0.000000e+00
1.796440e-02 0.000000e+00
1.817430e-02 0.000000e+00
1.838665e-02 0.000000e+00
1.860149e-02 0.000000e+00
1.881884e-02 0.000000e+00
1.903873e-02 0.000000e+00
1.926118e-02 0.000000e+00
1.948624e-02 0.000000e+00
1.971392e-02 0.000000e+00
1.994427e-02 0.000000e+00
2.017730e-02 0.000000e+00
2.041306e-02 0.000000e+00
2.065158e-02 0.000000e+00
2.089288e-02 0.000000e+00
2.113700e-02 0.000000e+00
2.138397e-02 0.000000e+00
2.163383e-02 0.000000e+00
2.188661e-02 0.000000e+00
2.214234e-02 0.000000e+00
2.240106e-02 0.000000e+00
2.266280e-02 0.000000e+00
2.292760e-02 0.000000e+00
2.319550e-02 0.000000e+00
2.346652e-02 0.000000e+00
2.374072e-02 0.000000e+00
2.401811e-02 0.000000e+00
2.429875e-02 0.000000e+00
2.458267e-02 0.000000e+00
2.486990e-02 0.000000e+00
2.516049e-02 0.000000e+00
2.545447e-02 0.000000e+00
2.575189e-02 0.000000e+00
2.605279e-02 0.000000e+00
2.635720e-02 0.000000e+00
2.666517e-02 0.000000e+00
2.697673e-02 0.000000e+00
2.729194e-02 0.000000e+00
2.761083e-02 0.000000e+00
2.793345e-02 0.000000e+00
2.825983e-02 0.000000e+00
2.859003e-02 0.000000e+00
2.892409e-02 0.000000e+00
2.926205e-02 0.000000e+00
2.960396e-02 0.000000e+00
2.994986e-02 0.000000e+00
3.029981e-02 0.000000e+00
3.065384e-02 0.000000e+00
3.101202e-02 0.000000e+00
3.137437e-02 0.000000e+00
3.174096e-02 0.000000e+00
3.211184e-02 0.000000e+00
3.248704e-02 0.000000e+00
3.286663e-02 0.000000e+00
3.325066e-02 0.000000e+00
3.363918e-02 0.000000e+00
3.403223e-02 0.000000e+00
3.442987e-02 0.000000e+00
3.483217e-02 0.000000e+00
3.523916e-02 0.000000e+00
3.565091e-02 0.000000e+00
3.606747e-02 0.000000e+00
3.648889e-02 0.000000e+00
3.691524e-02 0.000000e+00
3.734658e-02 0.000000e+00
3.778295e-02 0.000000e+00
3.822442e-02 0.000000e+00
3.867105e-02 0.000000e+00
3.912290e-02 0.000000e+00
3.958002e-02 0.000000e+00
4.004249e-02 0.000000e+00
4.051036e-02 0.000000e+00
4.098370e-02 0.000000e+00
4.146257e-02 0.000000e+00
4.194704e-02 0.000000e+00
4.243716e-02 0.000000e+00
4.293302e-02 0.000000e+00
4.343466e-02 0.000000e+00
4.394217e-02 0.000000e+00
4.445561e-02 0.000000e+00
4.497504e-02 0.000000e+00
4.550055e-02 0.000000e+00
4.603220e-02 0.000000e+00
4.657005e-02 0.000000e+00
4.711420e-02 0.000000e+00
4.766470e-02 0.000000e+00
4.822163e-02 0.000000e+00
4.878507e-02 0.000000e+00
4.935510e-02 0.000000e+00
4.993178e-02 0.000000e+00
5.051520e-02 0.000000e+00
5.110544e-02 0.000000e+00
5.170258e-02 0.000000e+00
5.230669e-02 0.000000e+00
5.291786e-02 0.000000e+00
5.353618e-02 0.000000e+00
5.416171e-02 0.000000e+00
5.479456e-02 0.000000e+00
5.543480e-02 0.000000e+00
5.608252e-02 0.000000e+00
5.673781e-02 0.000000e+00
5.740076e-02 0.000000e+00
5.807145e-02 0.000000e+00
5.874998e-02 0.000000e+00
5.943644e-02 0.000000e+00
6.013092e-02 0.000000e+00
6.083351e-02 0.000000e+00
6.154432e-02 0.000000e+00
6.226342e-02 0.000000e+00
6.299093e-02 0.000000e+00
6.372695e-02 0.000000e+00
6.447156e-02 0.000000e+00
6.522487e-02 0.000000e+00
6.598698e-02 0.000000e+00
6.675800e-02 0.000000e+00
6.753802e-02 0.000000e+00
6.832716e-02 0.000000e+00
6.912553e-02 0.000000e+00
6.993322e-02 0.000000e+00
7.075034e-02 0.000000e+00
7.157702e-02 0.000000e+00
7.241335e-02 0.000000e+00
7.325946e-02 0.000000e+00
7.411545e-02 0.000000e+00
7.498144e-02 0.000000e+00
7.585756e-02 0.000000e+00
7.674391e-02 0.000000e+00
7.764061e-02 0.000000e+00
7.854780e-02 0.000000e+00
7.946558e-02 0.000000e+00
8.039409e-02 0.000000e+00
8.133344e-02 0.000000e+00
8.228377e-02 0.000000e+00
8.324521e-02 0.000000e+00
8.421788e-02 0.000000e+00
8.520191e-02 0.000000e+00
8.619745e-02 0.000000e+00
8.720461e-02 0.000000e+00
8.822355e-02 0.000000e+00
8.925438e-02 0.000000e+00
9.029727e-02 0.000000e+00
9.135234e-02 0.000000e+00
9.241973e-02 0.000000e+00
9.349960e-02 0.000000e+00
9.459209e-02 0.000000e+00
9.569734e-02 0.000000e+00
9.681550e-02 0.000000e+00
9.794673e-02 0.000000e+00
9.909118e-02 0.000000e+00
1.002490e-01 0.000000e+00
1.014204e-01 0.000000e+00
1.026054e-01 0.000000e+00
1.038043e-01 0.000000e+00
1.050172e-01 0.000000e+00
1.062442e-01 0.000000e+00
1.074856e-01 0.000000e+00
1.087415e-01 0.000000e+00
1.100121e-01 0.000000e+00
1.112975e-01 0.000000e+00
1.125980e-01 0.000000e+00
1.139136e-01 0.000000e+00
1.152446e-01 0.000000e+00
1.165912e-01 0.000000e+00
1.179535e-01 0.000000e+00
1.193317e-01 0.000000e+00
1.207260e-01 0.000000e+00
1.221366e-01 0.000000e+00
1.235637e-01 0.000000e+00
1.250075e-01 0.000000e+00
1.264681e-01 0.000000e+00
1.279458e-01 0.000000e+00
1.294408e-01 0.000000e+00
1.309532e-01 0.000000e+00
1.324833e-01 0.000000e+00
1.340313e-01 0.000000e+00
1.355974e-01 0.000000e+00
1.371818e-01 0.000000e+00
1.387847e-01 0.000000e+00
1.404063e-01 0.000000e+00
1.420468e-01 0.000000e+00
1.437066e-01 0.000000e+00
1.453857e-01 0.000000e+00
1.470844e-01 0.000000e+00
1.488030e-01 0.000000e+00
1.505417e-01 0.000000e+00
1.523007e-01 0.000000e+00
1.540802e-01 0.000000e+00
1.558806e-01 0.000000e+00
1.577019e-01 0.000000e+00
1.595446e-01 0.000000e+00
1.614088e-01 0.000000e+00
1.632947e-01 0.000000e+00
1.652027e-01 0.000000e+00
1.671330e-01 0.000000e+00
1.690859e-01 0.000000e+00
1.710615e-01 0.000000e+00
1.730603e-01 0.000000e+00
1.750824e-01 0.000000e+00
1.771281e-01 0.000000e+00
1.791978e-01 0.000000e+00
1.812916e-01 0.000000e+00
1.834099e-01 0.000000e+00
1.855529e-01 0.000000e+00
1.877210e-01 0.000000e+00
1.899144e-01 0.000000e+00
1.921334e-01 0.000000e+00
1.943784e-01 0.000000e+00
1.966496e-01 0.000000e+00
1.989473e-01 0.000000e+00
2.012719e-01 0.000000e+00
2.036236e-01 0.000000e+00
2.060028e-01 0.000000e+00
2.084098e-01 0.000000e+00
2.108450e-01 0.000000e+00
2.133086e-01 0.000000e+00
2.158010e-01 0.000000e+00
2.183225e-01 0.000000e+00
2.208734e-01 0.000000e+00
2.234542e-01 0.000000e+00
2.260651e-01 0.000000e+00
2.287066e-01 0.000000e+00
2.313789e-01 0.000000e+00
2.340824e-01 0.000000e+00
2.368175e-01 0.000000e+00
2.395846e-01 0.000000e+00
2.423840e-01 0.000000e+00
2.452161e-01 0.000000e+00
2.480813e-01 0.000000e+00
2.509799e-01 0.000000e+00
2.539125e-01 0.000000e+00
2.568793e-01 0.000000e+00
2.598808e-01 0.000000e+00
2.629173e-01 0.000000e+00
2.659894e-01 0.000000e+00
2.690973e-01 0.000000e+00
2.722415e-01 0.000000e+00
2.754225e-01 0.000000e+00
2.786407e-01 0.000000e+00
2.818964e-01 0.000000e+00
2.851902e-01 0.000000e+00
2.885225e-01 0.000000e+00
2.918937e-01 0.000000e+00
2.953043e-01 0.000000e+00
2.987547e-01 0.000000e+00
3.022455e-01 0.000000e+00
3.057770e-01 0.000000e+00
3.093499e-01 0.000000e+00
3.129644e-01 0.000000e+00
3.166212e-01 0.000000e+00
3.203208e-01 0.000000e+00
3.240635e-01 0.000000e+00
3.278500e-01 0.000000e+00
3.316807e-01 0.000000e+00
3.355562e-01 0.000000e+00
3.394770e-01 0.000000e+00
3.434436e-01 0.000000e+00
3.474565e-01 0.000000e+00
3.515163e-01 0.000000e+00
3.556236e-01 0.000000e+00
3.597788e-01 0.000000e+00
3.639826e-01 0.000000e+00
3.682355e-01 0.000000e+00
3.725381e-01 0.000000e+00
3.768910e-01 0.000000e+00
3.812948e-01 0.000000e+00
3.857500e-01 0.000000e+00
3.902572e-01 0.000000e+00
3.948171e-01 0.000000e+00
3.994303e-01 0.000000e+00
4.040974e-01 0.000000e+00
4.088191e-01 0.000000e+00
4.135959e-01 0.000000e+00
4.184285e-01 0.000000e+00
4.233176e-01 0.000000e+00
4.282638e-01 0.000000e+00
4.332678e-01 0.000000e+00
4.383302e-01 0.000000e+00
4.434519e-01 0.000000e+00
4.486333e-01 0.000000e+00
4.538753e-01 0.000000e+00
4.591786e-01 0.000000e+00
4.645438e-01 0.000000e+00
4.699717e-01 0.000000e+00
4.754631e-01 0.000000e+00
4.810186e-01 0.000000e+00
4.866390e-01 0.000000e+00
4.923251e-01 0.000000e+00
4.980776e-01 0.000000e+00
5.038973e-01 0.000000e+00
5.097850e-01 0.000000e+00
5.157416e-01 0.000000e+00
5.217677e-01 0.000000e+00
5.278642e-01 0.000000e+00
5.340320e-01 0.000000e+00
5.402718e-01 0.000000e+00
5.465846e-01 0.000000e+00
5.529711e-01 0.000000e+00
5.594322e-01 0.000000e+00
5.659689e-01 0.000000e+00
5.725819e-01 0.000000e+00
5.792721e-01 0.000000e+00
5.860406e-01 0.000000e+00
5.928881e-01 0.000000e+00
5.998156e-01 0.000000e+00
6.068241e-01 0.000000e+00
6.139145e-01 0.000000e+00
6.210877e-01 0.000000e+00
6.283448e-01 0.000000e+00
6.356866e-01 0.000000e+00
6.431142e-01 0.000000e+00
6.506286e-01 0.000000e+00
6.582308e-01 0.000000e+00
6.659218e-01 0.000000e+00
6.737027e-01 0.000000e+00
6.815745e-01 0.000000e+00
6.895383e-01 0.000000e+00
6.975951e-01 0.000000e+00
7.057461e-01 0.000000e+00
7.139923e-01 0.000000e+00
7.223349e-01 0.000000e+00
7.307749e-01 0.000000e+00
7.393136e-01 0.000000e+00
7.479520e-01 0.000000e+00
7.566914e-01 0.000000e+00
7.655329e-01 0.000000e+00
7.744777e-01 0.000000e+00
7.835270e-01 0.000000e+00
7.926820e-01 0.000000e+00
8.019440e-01 0.000000e+00
8.113142e-01 0.000000e+00
8.207939e-01 0.000000e+00
8.303844e-01 0.000000e+00
8.400870e-01 0.000000e+00
8.499029e-01 0.000000e+00
8.598335e-01 0.000000e+00
8.698801e-01 0.000000e+00
8.800441e-01 0.000000e+00
8.903269e-01 0.000000e+00
9.007298e-01 0.000000e+00
9.112543e-01 0.000000e+00
9.219018e-01 0.000000e+00
9.326736e-01 0.000000e+00
9.435714e-01 0.000000e+00
9.545964e-01 0.000000e+00
9.657503e-01 0.000000e+00
9.770345e-01 0.000000e+00
9.884506e-01 0.000000e+00
1.000000e+00 0.000000e+00
