    0.0912   1.3595E+00   1.0583E+00
    0.0923   1.3842E+00   1.0593E+00
    0.0933   1.4091E+00   1.0592E+00
    0.0944   1.4340E+00   1.0581E+00
    0.0955   1.4590E+00   1.0557E+00
    0.0967   1.4840E+00   1.0521E+00
    0.0978   1.5087E+00   1.0471E+00
    0.0989   1.5330E+00   1.0408E+00
    0.1001   1.5566E+00   1.0330E+00
    0.1013   1.5792E+00   1.0245E+00
    0.1024   1.6016E+00   1.0137E+00
    0.1036   1.6206E+00   1.0037E+00
    0.1048   1.6395E+00   9.9383E-01
    0.1061   1.6579E+00   9.8396E-01
    0.1073   1.6758E+00   9.7409E-01
    0.1086   1.6938E+00   9.6438E-01
    0.1098   1.7115E+00   9.5420E-01
    0.1111   1.7289E+00   9.4385E-01
    0.1124   1.7457E+00   9.3389E-01
    0.1137   1.7644E+00   9.2336E-01
    0.1151   1.7826E+00   9.1138E-01
    0.1164   1.8005E+00   8.9842E-01
    0.1178   1.8181E+00   8.8454E-01
    0.1191   1.8352E+00   8.6957E-01
    0.1205   1.8517E+00   8.5353E-01
    0.1219   1.8675E+00   8.3645E-01
    0.1234   1.8820E+00   8.1699E-01
    0.1248   1.8944E+00   7.9838E-01
    0.1263   1.9060E+00   7.7919E-01
    0.1277   1.9166E+00   7.5931E-01
    0.1292   1.9256E+00   7.3919E-01
    0.1307   1.9336E+00   7.1873E-01
    0.1323   1.9405E+00   6.9782E-01
    0.1338   1.9451E+00   6.7644E-01
    0.1354   1.9485E+00   6.5543E-01
    0.1370   1.9506E+00   6.3452E-01
    0.1386   1.9502E+00   6.1275E-01
    0.1402   1.9480E+00   5.9271E-01
    0.1418   1.9443E+00   5.7344E-01
    0.1435   1.9387E+00   5.5384E-01
    0.1451   1.9305E+00   5.3722E-01
    0.1468   1.9214E+00   5.2236E-01
    0.1486   1.9112E+00   5.0920E-01
    0.1503   1.9002E+00   4.9843E-01
    0.1520   1.8885E+00   4.9009E-01
    0.1538   1.8779E+00   4.8405E-01
    0.1556   1.8673E+00   4.7932E-01
    0.1574   1.8568E+00   4.7693E-01
    0.1593   1.8478E+00   4.7545E-01
    0.1611   1.8390E+00   4.7509E-01
    0.1630   1.8310E+00   4.7647E-01
    0.1649   1.8239E+00   4.7821E-01
    0.1669   1.8175E+00   4.8073E-01
    0.1688   1.8093E+00   4.8343E-01
    0.1708   1.8016E+00   4.8950E-01
    0.1728   1.7949E+00   4.9760E-01
    0.1748   1.7883E+00   5.0912E-01
    0.1768   1.7833E+00   5.2523E-01
    0.1789   1.7880E+00   5.4534E-01
    0.1810   1.7964E+00   5.6291E-01
    0.1831   1.8091E+00   5.8255E-01
    0.1852   1.8315E+00   5.9506E-01
    0.1874   1.8555E+00   6.0074E-01
    0.1896   1.8776E+00   6.0125E-01
    0.1918   1.9005E+00   5.9759E-01
    0.1941   1.9176E+00   5.8889E-01
    0.1963   1.9334E+00   5.8116E-01
    0.1986   1.9477E+00   5.7249E-01
    0.2009   1.9609E+00   5.6353E-01
    0.2033   1.9736E+00   5.5447E-01
    0.2057   1.9861E+00   5.4412E-01
    0.2081   1.9977E+00   5.3275E-01
    0.2105   2.0085E+00   5.2032E-01
    0.2130   2.0182E+00   5.0655E-01
    0.2154   2.0260E+00   4.9223E-01
    0.2180   2.0326E+00   4.7730E-01
    0.2205   2.0372E+00   4.6216E-01
    0.2231   2.0403E+00   4.4678E-01
    0.2257   2.0414E+00   4.3216E-01
    0.2283   2.0411E+00   4.1791E-01
    0.2310   2.0390E+00   4.0501E-01
    0.2337   2.0359E+00   3.9340E-01
    0.2364   2.0321E+00   3.8338E-01
    0.2392   2.0280E+00   3.7503E-01
    0.2420   2.0240E+00   3.6793E-01
    0.2448   2.0206E+00   3.6227E-01
    0.2477   2.0175E+00   3.5738E-01
    0.2506   2.0152E+00   3.5316E-01
    0.2535   2.0134E+00   3.4969E-01
    0.2565   2.0125E+00   3.4638E-01
    0.2594   2.0123E+00   3.4331E-01
    0.2625   2.0128E+00   3.4016E-01
    0.2655   2.0140E+00   3.3665E-01
    0.2686   2.0157E+00   3.3278E-01
    0.2718   2.0177E+00   3.2828E-01
    0.2750   2.0198E+00   3.2314E-01
    0.2782   2.0219E+00   3.1726E-01
    0.2814   2.0236E+00   3.1074E-01
    0.2847   2.0249E+00   3.0354E-01
    0.2880   2.0255E+00   2.9585E-01
    0.2914   2.0253E+00   2.8786E-01
    0.2948   2.0240E+00   2.7960E-01
    0.2983   2.0217E+00   2.7149E-01
    0.3017   2.0182E+00   2.6396E-01
    0.3053   2.0137E+00   2.5707E-01
    0.3088   2.0085E+00   2.5135E-01
    0.3124   2.0028E+00   2.4702E-01
    0.3161   1.9974E+00   2.4393E-01
    0.3198   1.9923E+00   2.4196E-01
    0.3235   1.9879E+00   2.4089E-01
    0.3273   1.9843E+00   2.4010E-01
    0.3311   1.9813E+00   2.3955E-01
    0.3350   1.9787E+00   2.3911E-01
    0.3389   1.9765E+00   2.3875E-01
    0.3429   1.9747E+00   2.3837E-01
    0.3469   1.9730E+00   2.3801E-01
    0.3509   1.9717E+00   2.3767E-01
    0.3550   1.9706E+00   2.3727E-01
    0.3592   1.9696E+00   2.3680E-01
    0.3634   1.9687E+00   2.3629E-01
    0.3676   1.9678E+00   2.3579E-01
    0.3719   1.9670E+00   2.3531E-01
    0.3763   1.9663E+00   2.3486E-01
    0.3807   1.9657E+00   2.3443E-01
    0.3851   1.9651E+00   2.3405E-01
    0.3896   1.9646E+00   2.3370E-01
    0.3942   1.9642E+00   2.3339E-01
    0.3988   1.9638E+00   2.3314E-01
    0.4034   1.9635E+00   2.3294E-01
    0.4081   1.9632E+00   2.3279E-01
    0.4129   1.9631E+00   2.3270E-01
    0.4177   1.9630E+00   2.3265E-01
    0.4226   1.9631E+00   2.3263E-01
    0.4275   1.9633E+00   2.3262E-01
    0.4325   1.9635E+00   2.3260E-01
    0.4376   1.9639E+00   2.3257E-01
    0.4427   1.9643E+00   2.3250E-01
    0.4479   1.9648E+00   2.3240E-01
    0.4531   1.9653E+00   2.3225E-01
    0.4584   1.9659E+00   2.3207E-01
    0.4638   1.9665E+00   2.3185E-01
    0.4692   1.9670E+00   2.3160E-01
    0.4747   1.9676E+00   2.3137E-01
    0.4802   1.9681E+00   2.3116E-01
    0.4858   1.9686E+00   2.3100E-01
    0.4915   1.9691E+00   2.3094E-01
    0.4972   1.9696E+00   2.3096E-01
    0.5031   1.9702E+00   2.3106E-01
    0.5089   1.9710E+00   2.3123E-01
    0.5149   1.9718E+00   2.3146E-01
    0.5209   1.9728E+00   2.3171E-01
    0.5270   1.9739E+00   2.3195E-01
    0.5331   1.9752E+00   2.3212E-01
    0.5394   1.9767E+00   2.3218E-01
    0.5457   1.9783E+00   2.3208E-01
    0.5520   1.9799E+00   2.3173E-01
    0.5585   1.9814E+00   2.3122E-01
    0.5650   1.9829E+00   2.3054E-01
    0.5716   1.9843E+00   2.2974E-01
    0.5783   1.9854E+00   2.2888E-01
    0.5851   1.9865E+00   2.2801E-01
    0.5919   1.9874E+00   2.2716E-01
    0.5988   1.9882E+00   2.2636E-01
    0.6058   1.9889E+00   2.2562E-01
    0.6129   1.9895E+00   2.2500E-01
    0.6201   1.9901E+00   2.2450E-01
    0.6273   1.9907E+00   2.2409E-01
    0.6346   1.9913E+00   2.2376E-01
    0.6420   1.9920E+00   2.2349E-01
    0.6495   1.9927E+00   2.2320E-01
    0.6571   1.9934E+00   2.2288E-01
    0.6648   1.9940E+00   2.2260E-01
    0.6726   1.9946E+00   2.2236E-01
    0.6804   1.9951E+00   2.2220E-01
    0.6884   1.9956E+00   2.2217E-01
    0.6964   1.9961E+00   2.2228E-01
    0.7046   1.9966E+00   2.2250E-01
    0.7128   1.9973E+00   2.2280E-01
    0.7211   1.9980E+00   2.2316E-01
    0.7296   1.9989E+00   2.2355E-01
    0.7381   1.9998E+00   2.2394E-01
    0.7467   2.0008E+00   2.2431E-01
    0.7554   2.0019E+00   2.2466E-01
    0.7643   2.0030E+00   2.2497E-01
    0.7732   2.0041E+00   2.2521E-01
    0.7822   2.0052E+00   2.2541E-01
    0.7914   2.0062E+00   2.2562E-01
    0.8006   2.0071E+00   2.2587E-01
    0.8100   2.0080E+00   2.2621E-01
    0.8194   2.0088E+00   2.2673E-01
    0.8290   2.0098E+00   2.2739E-01
    0.8387   2.0108E+00   2.2817E-01
    0.8485   2.0120E+00   2.2903E-01
    0.8584   2.0134E+00   2.2995E-01
    0.8684   2.0149E+00   2.3084E-01
    0.8786   2.0165E+00   2.3171E-01
    0.8888   2.0183E+00   2.3253E-01
    0.8992   2.0202E+00   2.3329E-01
    0.9097   2.0222E+00   2.3396E-01
    0.9204   2.0243E+00   2.3453E-01
    0.9311   2.0265E+00   2.3498E-01
    0.9420   2.0287E+00   2.3531E-01
    0.9530   2.0309E+00   2.3552E-01
    0.9641   2.0331E+00   2.3560E-01
    0.9754   2.0353E+00   2.3558E-01
    0.9868   2.0375E+00   2.3543E-01
    0.9983   2.0397E+00   2.3518E-01
    1.0100   2.0417E+00   2.3484E-01
    1.0218   2.0437E+00   2.3444E-01
    1.0337   2.0456E+00   2.3371E-01
    1.0458   2.0471E+00   2.3326E-01
    1.0580   2.0487E+00   2.3282E-01
    1.0704   2.0501E+00   2.3242E-01
    1.0829   2.0516E+00   2.3198E-01
    1.0956   2.0528E+00   2.3166E-01
    1.1084   2.0539E+00   2.3149E-01
    1.1213   2.0551E+00   2.3145E-01
    1.1344   2.0563E+00   2.3163E-01
    1.1477   2.0576E+00   2.3179E-01
    1.1611   2.0589E+00   2.3201E-01
    1.1746   2.0603E+00   2.3228E-01
    1.1884   2.0617E+00   2.3280E-01
    1.2023   2.0634E+00   2.3311E-01
    1.2163   2.0650E+00   2.3343E-01
    1.2305   2.0667E+00   2.3375E-01
    1.2449   2.0685E+00   2.3403E-01
    1.2594   2.0703E+00   2.3428E-01
    1.2742   2.0721E+00   2.3451E-01
    1.2890   2.0740E+00   2.3468E-01
    1.3041   2.0758E+00   2.3487E-01
    1.3193   2.0776E+00   2.3504E-01
    1.3348   2.0795E+00   2.3520E-01
    1.3504   2.0814E+00   2.3534E-01
    1.3661   2.0833E+00   2.3547E-01
    1.3821   2.0853E+00   2.3563E-01
    1.3982   2.0873E+00   2.3570E-01
    1.4146   2.0893E+00   2.3572E-01
    1.4311   2.0914E+00   2.3571E-01
    1.4478   2.0935E+00   2.3561E-01
    1.4647   2.0955E+00   2.3543E-01
    1.4819   2.0976E+00   2.3517E-01
    1.4992   2.0996E+00   2.3483E-01
    1.5167   2.1015E+00   2.3443E-01
    1.5344   2.1033E+00   2.3385E-01
    1.5523   2.1048E+00   2.3341E-01
    1.5705   2.1063E+00   2.3308E-01
    1.5888   2.1077E+00   2.3266E-01
    1.6074   2.1088E+00   2.3265E-01
    1.6262   2.1100E+00   2.3288E-01
    1.6452   2.1116E+00   2.3350E-01
    1.6644   2.1134E+00   2.3394E-01
    1.6838   2.1152E+00   2.3453E-01
    1.7035   2.1177E+00   2.3494E-01
    1.7234   2.1202E+00   2.3501E-01
    1.7436   2.1225E+00   2.3479E-01
    1.7639   2.1248E+00   2.3445E-01
    1.7845   2.1271E+00   2.3386E-01
    1.8054   2.1290E+00   2.3328E-01
    1.8265   2.1309E+00   2.3270E-01
    1.8478   2.1325E+00   2.3215E-01
    1.8694   2.1341E+00   2.3173E-01
    1.8913   2.1357E+00   2.3137E-01
    1.9134   2.1372E+00   2.3120E-01
    1.9357   2.1387E+00   2.3127E-01
    1.9583   2.1406E+00   2.3134E-01
    1.9812   2.1425E+00   2.3139E-01
    2.0044   2.1449E+00   2.3133E-01
    2.0278   2.1472E+00   2.3089E-01
    2.0515   2.1493E+00   2.3011E-01
    2.0755   2.1513E+00   2.2925E-01
    2.0997   2.1529E+00   2.2809E-01
    2.1242   2.1543E+00   2.2723E-01
    2.1491   2.1553E+00   2.2650E-01
    2.1742   2.1563E+00   2.2609E-01
    2.1996   2.1574E+00   2.2600E-01
    2.2253   2.1586E+00   2.2600E-01
    2.2513   2.1600E+00   2.2622E-01
    2.2776   2.1616E+00   2.2626E-01
    2.3042   2.1633E+00   2.2626E-01
    2.3311   2.1650E+00   2.2620E-01
    2.3584   2.1668E+00   2.2607E-01
    2.3859   2.1685E+00   2.2585E-01
    2.4138   2.1703E+00   2.2556E-01
    2.4420   2.1721E+00   2.2520E-01
    2.4705   2.1738E+00   2.2476E-01
    2.4994   2.1754E+00   2.2425E-01
    2.5286   2.1770E+00   2.2371E-01
    2.5581   2.1784E+00   2.2314E-01
    2.5880   2.1798E+00   2.2256E-01
    2.6183   2.1810E+00   2.2202E-01
    2.6489   2.1821E+00   2.2150E-01
    2.6798   2.1832E+00   2.2105E-01
    2.7111   2.1841E+00   2.2068E-01
    2.7428   2.1849E+00   2.2043E-01
    2.7749   2.1856E+00   2.2035E-01
    2.8073   2.1863E+00   2.2045E-01
    2.8401   2.1870E+00   2.2081E-01
    2.8733   2.1878E+00   2.2139E-01
    2.9068   2.1887E+00   2.2219E-01
    2.9408   2.1899E+00   2.2315E-01
    2.9752   2.1913E+00   2.2415E-01
    3.0099   2.1929E+00   2.2520E-01
    3.0451   2.1948E+00   2.2615E-01
    3.0807   2.1969E+00   2.2697E-01
    3.1167   2.1992E+00   2.2765E-01
    3.1531   2.2015E+00   2.2814E-01
    3.1899   2.2040E+00   2.2838E-01
    3.2272   2.2063E+00   2.2841E-01
    3.2649   2.2085E+00   2.2831E-01
    3.3031   2.2106E+00   2.2811E-01
    3.3416   2.2126E+00   2.2789E-01
    3.3807   2.2143E+00   2.2792E-01
    3.4202   2.2162E+00   2.2807E-01
    3.4602   2.2182E+00   2.2830E-01
    3.5006   2.2205E+00   2.2850E-01
    3.5415   2.2229E+00   2.2862E-01
    3.5829   2.2255E+00   2.2834E-01
    3.6247   2.2280E+00   2.2774E-01
    3.6671   2.2302E+00   2.2695E-01
    3.7099   2.2322E+00   2.2605E-01
    3.7533   2.2339E+00   2.2509E-01
    3.7971   2.2354E+00   2.2436E-01
    3.8415   2.2368E+00   2.2379E-01
    3.8864   2.2381E+00   2.2340E-01
    3.9318   2.2394E+00   2.2316E-01
    3.9777   2.2408E+00   2.2306E-01
    4.0242   2.2424E+00   2.2305E-01
    4.0712   2.2440E+00   2.2308E-01
    4.1188   2.2457E+00   2.2313E-01
    4.1669   2.2476E+00   2.2314E-01
    4.2156   2.2497E+00   2.2305E-01
    4.2649   2.2518E+00   2.2279E-01
    4.3147   2.2538E+00   2.2236E-01
    4.3651   2.2559E+00   2.2178E-01
    4.4161   2.2578E+00   2.2108E-01
    4.4677   2.2596E+00   2.2030E-01
    4.5199   2.2613E+00   2.1950E-01
    4.5727   2.2629E+00   2.1868E-01
    4.6262   2.2643E+00   2.1787E-01
    4.6802   2.2657E+00   2.1709E-01
    4.7349   2.2669E+00   2.1635E-01
    4.7902   2.2681E+00   2.1568E-01
    4.8462   2.2693E+00   2.1508E-01
    4.9028   2.2704E+00   2.1454E-01
    4.9601   2.2715E+00   2.1407E-01
    5.0181   2.2725E+00   2.1365E-01
    5.0767   2.2736E+00   2.1326E-01
    5.1360   2.2747E+00   2.1288E-01
    5.1960   2.2759E+00   2.1251E-01
    5.2568   2.2770E+00   2.1213E-01
    5.3182   2.2781E+00   2.1171E-01
    5.3803   2.2791E+00   2.1123E-01
    5.4432   2.2800E+00   2.1075E-01
    5.5068   2.2808E+00   2.1029E-01
    5.5711   2.2814E+00   2.0988E-01
    5.6362   2.2820E+00   2.0960E-01
    5.7021   2.2825E+00   2.0946E-01
    5.7687   2.2829E+00   2.0945E-01
    5.8361   2.2834E+00   2.0958E-01
    5.9043   2.2839E+00   2.0983E-01
    5.9733   2.2844E+00   2.1018E-01
    6.0431   2.2849E+00   2.1062E-01
    6.1137   2.2855E+00   2.1114E-01
    6.1851   2.2861E+00   2.1173E-01
    6.2574   2.2867E+00   2.1239E-01
    6.3305   2.2874E+00   2.1308E-01
    6.4045   2.2881E+00   2.1383E-01
    6.4793   2.2887E+00   2.1467E-01
    6.5550   2.2893E+00   2.1565E-01
    6.6316   2.2899E+00   2.1677E-01
    6.7091   2.2906E+00   2.1815E-01
    6.7875   2.2914E+00   2.1973E-01
    6.8668   2.2924E+00   2.2144E-01
    6.9470   2.2937E+00   2.2325E-01
    7.0282   2.2952E+00   2.2509E-01
    7.1103   2.2969E+00   2.2685E-01
    7.1934   2.2987E+00   2.2854E-01
    7.2774   2.3006E+00   2.3021E-01
    7.3625   2.3025E+00   2.3188E-01
    7.4485   2.3046E+00   2.3358E-01
    7.5355   2.3067E+00   2.3539E-01
    7.6236   2.3090E+00   2.3726E-01
    7.7127   2.3116E+00   2.3918E-01
    7.8028   2.3144E+00   2.4111E-01
    7.8939   2.3175E+00   2.4303E-01
    7.9862   2.3209E+00   2.4488E-01
    8.0795   2.3247E+00   2.4658E-01
    8.1739   2.3288E+00   2.4801E-01
    8.2694   2.3332E+00   2.4907E-01
    8.3660   2.3379E+00   2.4966E-01
    8.4638   2.3426E+00   2.4965E-01
    8.5627   2.3472E+00   2.4911E-01
    8.6627   2.3517E+00   2.4808E-01
    8.7639   2.3558E+00   2.4664E-01
    8.8663   2.3595E+00   2.4488E-01
    8.9699   2.3627E+00   2.4292E-01
    9.0748   2.3655E+00   2.4090E-01
    9.1808   2.3679E+00   2.3893E-01
    9.2881   2.3699E+00   2.3713E-01
    9.3966   2.3714E+00   2.3573E-01
    9.5064   2.3731E+00   2.3480E-01
    9.6175   2.3750E+00   2.3404E-01
    9.7298   2.3772E+00   2.3330E-01
    9.8435   2.3796E+00   2.3242E-01
    9.9585   2.3822E+00   2.3089E-01
   10.0749   2.3842E+00   2.2871E-01
   10.1926   2.3854E+00   2.2642E-01
   10.3117   2.3857E+00   2.2434E-01
   10.4322   2.3853E+00   2.2278E-01
   10.5541   2.3841E+00   2.2262E-01
   10.6774   2.3836E+00   2.2382E-01
   10.8022   2.3839E+00   2.2577E-01
   10.9284   2.3851E+00   2.2818E-01
   11.0561   2.3876E+00   2.3068E-01
   11.1852   2.3911E+00   2.3216E-01
   11.3159   2.3945E+00   2.3282E-01
   11.4482   2.3978E+00   2.3306E-01
   11.5819   2.4009E+00   2.3304E-01
   11.7173   2.4036E+00   2.3297E-01
   11.8542   2.4062E+00   2.3387E-01
   11.9927   2.4099E+00   2.3505E-01
   12.1328   2.4145E+00   2.3595E-01
   12.2746   2.4201E+00   2.3615E-01
   12.4180   2.4267E+00   2.3520E-01
   12.5631   2.4334E+00   2.3175E-01
   12.7099   2.4388E+00   2.2673E-01
   12.8584   2.4427E+00   2.2066E-01
   13.0086   2.4449E+00   2.1405E-01
   13.1606   2.4449E+00   2.0762E-01
   13.3144   2.4435E+00   2.0275E-01
   13.4700   2.4416E+00   1.9898E-01
   13.6274   2.4394E+00   1.9633E-01
   13.7866   2.4372E+00   1.9474E-01
   13.9477   2.4355E+00   1.9402E-01
   14.1106   2.4340E+00   1.9365E-01
   14.2755   2.4329E+00   1.9380E-01
   14.4423   2.4322E+00   1.9431E-01
   14.6111   2.4319E+00   1.9503E-01
   14.7818   2.4321E+00   1.9579E-01
   14.9545   2.4326E+00   1.9642E-01
   15.1292   2.4333E+00   1.9693E-01
   15.3060   2.4342E+00   1.9730E-01
   15.4849   2.4351E+00   1.9753E-01
   15.6658   2.4360E+00   1.9773E-01
   15.8488   2.4369E+00   1.9799E-01
   16.0340   2.4380E+00   1.9820E-01
   16.2214   2.4391E+00   1.9836E-01
   16.4109   2.4402E+00   1.9847E-01
   16.6026   2.4414E+00   1.9848E-01
   16.7966   2.4425E+00   1.9839E-01
   16.9929   2.4436E+00   1.9828E-01
   17.1915   2.4446E+00   1.9817E-01
   17.3923   2.4455E+00   1.9812E-01
   17.5955   2.4463E+00   1.9819E-01
   17.8011   2.4472E+00   1.9839E-01
   18.0091   2.4482E+00   1.9867E-01
   18.2196   2.4493E+00   1.9900E-01
   18.4324   2.4505E+00   1.9933E-01
   18.6478   2.4518E+00   1.9957E-01
   18.8657   2.4531E+00   1.9972E-01
   19.0861   2.4544E+00   1.9980E-01
   19.3091   2.4557E+00   1.9982E-01
   19.5348   2.4570E+00   1.9980E-01
   19.7630   2.4582E+00   1.9978E-01
   19.9939   2.4593E+00   1.9979E-01
   20.2275   2.4604E+00   1.9981E-01
   20.4639   2.4615E+00   1.9988E-01
   20.7030   2.4626E+00   2.0002E-01
   20.9449   2.4636E+00   2.0023E-01
   21.1896   2.4647E+00   2.0052E-01
   21.4372   2.4659E+00   2.0086E-01
   21.6877   2.4671E+00   2.0124E-01
   21.9411   2.4684E+00   2.0162E-01
   22.1975   2.4698E+00   2.0196E-01
   22.4568   2.4712E+00   2.0227E-01
   22.7192   2.4727E+00   2.0256E-01
   22.9847   2.4741E+00   2.0281E-01
   23.2533   2.4756E+00   2.0303E-01
   23.5250   2.4771E+00   2.0326E-01
   23.7998   2.4786E+00   2.0346E-01
   24.0779   2.4801E+00   2.0362E-01
   24.3593   2.4816E+00   2.0376E-01
   24.6439   2.4832E+00   2.0386E-01
   24.9318   2.4847E+00   2.0391E-01
   25.2231   2.4862E+00   2.0393E-01
   25.5179   2.4876E+00   2.0394E-01
   25.8160   2.4891E+00   2.0394E-01
   26.1177   2.4904E+00   2.0397E-01
   26.4228   2.4918E+00   2.0403E-01
   26.7316   2.4932E+00   2.0412E-01
   27.0439   2.4946E+00   2.0421E-01
   27.3599   2.4960E+00   2.0432E-01
   27.6796   2.4974E+00   2.0442E-01
   28.0030   2.4988E+00   2.0451E-01
   28.3302   2.5003E+00   2.0458E-01
   28.6612   2.5017E+00   2.0465E-01
   28.9961   2.5031E+00   2.0470E-01
   29.3349   2.5045E+00   2.0475E-01
   29.6777   2.5059E+00   2.0480E-01
   30.0244   2.5073E+00   2.0486E-01
   30.3753   2.5087E+00   2.0492E-01
   30.7302   2.5100E+00   2.0500E-01
   31.0892   2.5114E+00   2.0511E-01
   31.4525   2.5128E+00   2.0524E-01
   31.8200   2.5141E+00   2.0538E-01
   32.1918   2.5156E+00   2.0553E-01
   32.5679   2.5170E+00   2.0567E-01
   32.9485   2.5185E+00   2.0579E-01
   33.3335   2.5199E+00   2.0588E-01
   33.7229   2.5214E+00   2.0595E-01
   34.1170   2.5228E+00   2.0602E-01
   34.5156   2.5242E+00   2.0608E-01
   34.9189   2.5256E+00   2.0616E-01
   35.3269   2.5270E+00   2.0625E-01
   35.7397   2.5284E+00   2.0634E-01
   36.1573   2.5298E+00   2.0643E-01
   36.5798   2.5313E+00   2.0650E-01
   37.0072   2.5327E+00   2.0654E-01
   37.4396   2.5342E+00   2.0655E-01
   37.8770   2.5356E+00   2.0655E-01
   38.3196   2.5369E+00   2.0653E-01
   38.7673   2.5383E+00   2.0651E-01
   39.2203   2.5396E+00   2.0650E-01
   39.6786   2.5408E+00   2.0650E-01
   40.1422   2.5421E+00   2.0652E-01
   40.6112   2.5433E+00   2.0655E-01
   41.0858   2.5445E+00   2.0661E-01
   41.5658   2.5457E+00   2.0668E-01
   42.0515   2.5469E+00   2.0679E-01
   42.5428   2.5480E+00   2.0692E-01
   43.0399   2.5492E+00   2.0708E-01
   43.5428   2.5503E+00   2.0728E-01
   44.0516   2.5515E+00   2.0751E-01
   44.5663   2.5526E+00   2.0777E-01
   45.0870   2.5537E+00   2.0808E-01
   45.6138   2.5548E+00   2.0843E-01
   46.1468   2.5559E+00   2.0882E-01
   46.6860   2.5571E+00   2.0927E-01
   47.2315   2.5583E+00   2.0976E-01
   47.7834   2.5595E+00   2.1030E-01
   48.3417   2.5607E+00   2.1087E-01
   48.9065   2.5620E+00   2.1148E-01
   49.4780   2.5634E+00   2.1211E-01
   50.0561   2.5648E+00   2.1277E-01
   50.6410   2.5663E+00   2.1342E-01
   51.2327   2.5679E+00   2.1407E-01
   51.8313   2.5695E+00   2.1469E-01
   52.4369   2.5712E+00   2.1528E-01
   53.0496   2.5730E+00   2.1583E-01
   53.6695   2.5748E+00   2.1631E-01
   54.2966   2.5767E+00   2.1672E-01
   54.9310   2.5786E+00   2.1706E-01
   55.5728   2.5805E+00   2.1730E-01
   56.2222   2.5824E+00   2.1746E-01
   56.8791   2.5843E+00   2.1751E-01
   57.5437   2.5861E+00   2.1746E-01
   58.2161   2.5879E+00   2.1731E-01
   58.8963   2.5896E+00   2.1708E-01
   59.5844   2.5911E+00   2.1678E-01
   60.2806   2.5925E+00   2.1645E-01
   60.9850   2.5938E+00   2.1612E-01
   61.6976   2.5949E+00   2.1580E-01
   62.4185   2.5959E+00   2.1556E-01
   63.1478   2.5967E+00   2.1545E-01
   63.8856   2.5974E+00   2.1550E-01
   64.6321   2.5979E+00   2.1577E-01
   65.3873   2.5985E+00   2.1633E-01
   66.1513   2.5993E+00   2.1711E-01
   66.9242   2.6002E+00   2.1804E-01
   67.7062   2.6014E+00   2.1903E-01
   68.4973   2.6027E+00   2.2001E-01
   69.2977   2.6043E+00   2.2077E-01
   70.1074   2.6058E+00   2.2142E-01
   70.9265   2.6072E+00   2.2200E-01
   71.7552   2.6086E+00   2.2252E-01
   72.5937   2.6099E+00   2.2305E-01
   73.4419   2.6112E+00   2.2374E-01
   74.3000   2.6125E+00   2.2448E-01
   75.1682   2.6138E+00   2.2527E-01
   76.0464   2.6152E+00   2.2610E-01
   76.9350   2.6167E+00   2.2692E-01
   77.8339   2.6182E+00   2.2771E-01
   78.7434   2.6198E+00   2.2848E-01
   79.6635   2.6213E+00   2.2923E-01
   80.5943   2.6229E+00   2.2996E-01
   81.5360   2.6244E+00   2.3068E-01
   82.4887   2.6260E+00   2.3140E-01
   83.4525   2.6274E+00   2.3214E-01
   84.4276   2.6289E+00   2.3293E-01
   85.4141   2.6303E+00   2.3379E-01
   86.4121   2.6317E+00   2.3476E-01
   87.4218   2.6332E+00   2.3587E-01
   88.4432   2.6349E+00   2.3705E-01
   89.4766   2.6366E+00   2.3825E-01
   90.5221   2.6385E+00   2.3944E-01
   91.5798   2.6405E+00   2.4052E-01
   92.6499   2.6425E+00   2.4147E-01
   93.7324   2.6445E+00   2.4239E-01
   94.8276   2.6464E+00   2.4333E-01
   95.9356   2.6483E+00   2.4433E-01
   97.0566   2.6501E+00   2.4556E-01
   98.1906   2.6522E+00   2.4696E-01
   99.3379   2.6546E+00   2.4838E-01
  100.4986   2.6573E+00   2.4970E-01
  101.6729   2.6603E+00   2.5078E-01
  102.8609   2.6632E+00   2.5115E-01
  104.0627   2.6659E+00   2.5175E-01
  105.2787   2.6687E+00   2.5216E-01
  106.5088   2.6714E+00   2.5239E-01
  107.7533   2.6742E+00   2.5206E-01
  109.0123   2.6761E+00   2.5202E-01
  110.2860   2.6781E+00   2.5220E-01
  111.5747   2.6800E+00   2.5249E-01
  112.8783   2.6820E+00   2.5309E-01
  114.1973   2.6841E+00   2.5353E-01
  115.5316   2.6863E+00   2.5399E-01
  116.8815   2.6884E+00   2.5446E-01
  118.2472   2.6907E+00   2.5500E-01
  119.6288   2.6929E+00   2.5548E-01
  121.0266   2.6952E+00   2.5596E-01
  122.4408   2.6975E+00   2.5642E-01
  123.8714   2.6999E+00   2.5693E-01
  125.3188   2.7024E+00   2.5730E-01
  126.7830   2.7048E+00   2.5761E-01
  128.2644   2.7073E+00   2.5791E-01
  129.7631   2.7098E+00   2.5806E-01
  131.2793   2.7123E+00   2.5812E-01
  132.8132   2.7148E+00   2.5804E-01
  134.3651   2.7171E+00   2.5790E-01
  135.9350   2.7194E+00   2.5767E-01
  137.5234   2.7216E+00   2.5729E-01
  139.1302   2.7233E+00   2.5686E-01
  140.7559   2.7250E+00   2.5664E-01
  142.4005   2.7266E+00   2.5653E-01
  144.0644   2.7278E+00   2.5637E-01
  145.7477   2.7289E+00   2.5669E-01
  147.4507   2.7301E+00   2.5729E-01
  149.1736   2.7313E+00   2.5815E-01
  150.9165   2.7327E+00   2.5926E-01
  152.6799   2.7341E+00   2.6087E-01
  154.4639   2.7362E+00   2.6241E-01
  156.2687   2.7384E+00   2.6397E-01
  158.0946   2.7411E+00   2.6599E-01
  159.9419   2.7443E+00   2.6740E-01
  161.8107   2.7477E+00   2.6857E-01
  163.7013   2.7514E+00   2.6950E-01
  165.6141   2.7552E+00   2.6994E-01
  167.5492   2.7590E+00   2.6988E-01
  169.5069   2.7626E+00   2.6947E-01
  171.4875   2.7661E+00   2.6872E-01
  173.4912   2.7691E+00   2.6733E-01
  175.5184   2.7716E+00   2.6614E-01
  177.5692   2.7738E+00   2.6457E-01
  179.6440   2.7752E+00   2.6339E-01
  181.7430   2.7763E+00   2.6256E-01
  183.8666   2.7771E+00   2.6196E-01
  186.0149   2.7777E+00   2.6196E-01
  188.1884   2.7782E+00   2.6247E-01
  190.3873   2.7789E+00   2.6347E-01
  192.6118   2.7797E+00   2.6513E-01
  194.8624   2.7811E+00   2.6704E-01
  197.1392   2.7828E+00   2.6930E-01
  199.4427   2.7854E+00   2.7166E-01
  201.7730   2.7883E+00   2.7376E-01
  204.1306   2.7918E+00   2.7572E-01
  206.5158   2.7955E+00   2.7721E-01
  208.9288   2.7994E+00   2.7828E-01
  211.3700   2.8034E+00   2.7903E-01
  213.8397   2.8073E+00   2.7933E-01
  216.3383   2.8110E+00   2.7948E-01
  218.8661   2.8146E+00   2.7932E-01
  221.4234   2.8180E+00   2.7912E-01
  224.0106   2.8211E+00   2.7873E-01
  226.6280   2.8241E+00   2.7850E-01
  229.2760   2.8268E+00   2.7829E-01
  231.9550   2.8295E+00   2.7831E-01
  234.6653   2.8320E+00   2.7850E-01
  237.4072   2.8347E+00   2.7891E-01
  240.1811   2.8374E+00   2.7953E-01
  242.9875   2.8403E+00   2.8035E-01
  245.8267   2.8435E+00   2.8121E-01
  248.6990   2.8471E+00   2.8214E-01
  251.6049   2.8509E+00   2.8279E-01
  254.5448   2.8550E+00   2.8323E-01
  257.5190   2.8592E+00   2.8322E-01
  260.5279   2.8631E+00   2.8306E-01
  263.5720   2.8668E+00   2.8270E-01
  266.6517   2.8703E+00   2.8255E-01
  269.7674   2.8737E+00   2.8261E-01
  272.9194   2.8774E+00   2.8313E-01
  276.1083   2.8815E+00   2.8365E-01
  279.3345   2.8861E+00   2.8425E-01
  282.5983   2.8912E+00   2.8448E-01
  285.9003   2.8969E+00   2.8417E-01
  289.2409   2.9026E+00   2.8308E-01
  292.6205   2.9081E+00   2.8148E-01
  296.0396   2.9134E+00   2.7937E-01
  299.4986   2.9183E+00   2.7679E-01
  302.9981   2.9229E+00   2.7411E-01
  306.5385   2.9271E+00   2.7127E-01
  310.1201   2.9311E+00   2.6832E-01
  313.7437   2.9348E+00   2.6531E-01
  317.4096   2.9382E+00   2.6232E-01
  321.1184   2.9414E+00   2.5936E-01
  324.8705   2.9443E+00   2.5647E-01
  328.6664   2.9472E+00   2.5365E-01
  332.5066   2.9499E+00   2.5091E-01
  336.3918   2.9526E+00   2.4820E-01
  340.3223   2.9552E+00   2.4549E-01
  344.2988   2.9577E+00   2.4278E-01
  348.3217   2.9601E+00   2.4008E-01
  352.3916   2.9624E+00   2.3741E-01
  356.5091   2.9646E+00   2.3475E-01
  360.6747   2.9668E+00   2.3214E-01
  364.8889   2.9688E+00   2.2955E-01
  369.1524   2.9708E+00   2.2699E-01
  373.4658   2.9728E+00   2.2446E-01
  377.8295   2.9747E+00   2.2195E-01
  382.2442   2.9765E+00   2.1947E-01
  386.7105   2.9782E+00   2.1701E-01
  391.2290   2.9799E+00   2.1458E-01
  395.8002   2.9816E+00   2.1217E-01
  400.4249   2.9832E+00   2.0979E-01
  405.1036   2.9848E+00   2.0743E-01
  409.8370   2.9863E+00   2.0510E-01
  414.6257   2.9877E+00   2.0279E-01
  419.4704   2.9892E+00   2.0051E-01
  424.3716   2.9906E+00   1.9825E-01
  429.3302   2.9919E+00   1.9601E-01
  434.3466   2.9932E+00   1.9380E-01
  439.4217   2.9945E+00   1.9161E-01
  444.5561   2.9957E+00   1.8944E-01
  449.7505   2.9969E+00   1.8730E-01
  455.0055   2.9981E+00   1.8518E-01
  460.3220   2.9992E+00   1.8309E-01
  465.7006   3.0004E+00   1.8102E-01
  471.1420   3.0014E+00   1.7896E-01
  476.6470   3.0025E+00   1.7693E-01
  482.2163   3.0035E+00   1.7492E-01
  487.8507   3.0045E+00   1.7294E-01
  493.5510   3.0055E+00   1.7097E-01
  499.3178   3.0064E+00   1.6902E-01
  505.1520   3.0073E+00   1.6710E-01
  511.0544   3.0082E+00   1.6520E-01
  517.0258   3.0091E+00   1.6332E-01
  523.0669   3.0100E+00   1.6147E-01
  529.1786   3.0108E+00   1.5963E-01
  535.3618   3.0116E+00   1.5781E-01
  541.6171   3.0124E+00   1.5602E-01
  547.9456   3.0131E+00   1.5424E-01
  554.3480   3.0139E+00   1.5248E-01
  560.8253   3.0146E+00   1.5074E-01
  567.3782   3.0153E+00   1.4902E-01
  574.0076   3.0160E+00   1.4732E-01
  580.7145   3.0167E+00   1.4563E-01
  587.4999   3.0173E+00   1.4397E-01
  594.3644   3.0180E+00   1.4233E-01
  601.3092   3.0186E+00   1.4070E-01
  608.3351   3.0192E+00   1.3909E-01
  615.4432   3.0198E+00   1.3750E-01
  622.6343   3.0204E+00   1.3593E-01
  629.9094   3.0210E+00   1.3437E-01
  637.2695   3.0215E+00   1.3284E-01
  644.7156   3.0220E+00   1.3132E-01
  652.2487   3.0226E+00   1.2981E-01
  659.8698   3.0231E+00   1.2833E-01
  667.5800   3.0236E+00   1.2686E-01
  675.3802   3.0241E+00   1.2541E-01
  683.2717   3.0245E+00   1.2397E-01
  691.2553   3.0250E+00   1.2255E-01
  699.3322   3.0255E+00   1.2115E-01
  707.5035   3.0259E+00   1.1976E-01
  715.7702   3.0263E+00   1.1839E-01
  724.1335   3.0268E+00   1.1703E-01
  732.5946   3.0272E+00   1.1569E-01
  741.1545   3.0276E+00   1.1436E-01
  749.8145   3.0280E+00   1.1305E-01
  758.5756   3.0283E+00   1.1175E-01
  767.4391   3.0287E+00   1.1047E-01
  776.4061   3.0291E+00   1.0921E-01
  785.4780   3.0294E+00   1.0795E-01
  794.6558   3.0298E+00   1.0671E-01
  803.9409   3.0301E+00   1.0549E-01
  813.3345   3.0304E+00   1.0427E-01
  822.8378   3.0308E+00   1.0307E-01
  832.4521   3.0311E+00   1.0189E-01
  842.1788   3.0314E+00   1.0072E-01
  852.0192   3.0317E+00   9.9558E-02
  861.9745   3.0320E+00   9.8415E-02
  872.0461   3.0323E+00   9.7284E-02
  882.2355   3.0325E+00   9.6167E-02
  892.5439   3.0328E+00   9.5062E-02
  902.9727   3.0331E+00   9.3970E-02
  913.5234   3.0333E+00   9.2889E-02
  924.1973   3.0336E+00   9.1820E-02
  934.9960   3.0338E+00   9.0764E-02
  945.9209   3.0341E+00   8.9720E-02
  956.9734   3.0343E+00   8.8688E-02
  968.1550   3.0345E+00   8.7667E-02
  979.4673   3.0348E+00   8.6659E-02
  990.9119   3.0350E+00   8.5662E-02
 1002.4901   3.0352E+00   8.4677E-02
 1014.2036   3.0354E+00   8.3704E-02
 1026.0538   3.0356E+00   8.2741E-02
 1038.0427   3.0358E+00   8.1790E-02
 1050.1716   3.0360E+00   8.0848E-02
 1062.4423   3.0362E+00   7.9918E-02
 1074.8562   3.0364E+00   7.8997E-02
 1087.4153   3.0366E+00   7.8087E-02
 1100.1211   3.0367E+00   7.7187E-02
 1112.9752   3.0369E+00   7.6298E-02
 1125.9797   3.0371E+00   7.5420E-02
 1139.1361   3.0373E+00   7.4552E-02
 1152.4463   3.0374E+00   7.3694E-02
 1165.9119   3.0376E+00   7.2846E-02
 1179.5348   3.0377E+00   7.2008E-02
 1193.3170   3.0379E+00   7.1178E-02
 1207.2601   3.0380E+00   7.0357E-02
 1221.3662   3.0382E+00   6.9546E-02
 1235.6372   3.0383E+00   6.8743E-02
 1250.0748   3.0384E+00   6.7950E-02
 1264.6813   3.0386E+00   6.7167E-02
 1279.4583   3.0387E+00   6.6393E-02
 1294.4080   3.0388E+00   6.5628E-02
 1309.5323   3.0390E+00   6.4872E-02
 1324.8334   3.0391E+00   6.4125E-02
 1340.3132   3.0392E+00   6.3386E-02
 1355.9740   3.0393E+00   6.2656E-02
 1371.8177   3.0394E+00   6.1934E-02
 1387.8467   3.0395E+00   6.1220E-02
 1404.0627   3.0396E+00   6.0514E-02
 1420.4684   3.0398E+00   5.9817E-02
 1437.0657   3.0399E+00   5.9128E-02
 1453.8569   3.0400E+00   5.8446E-02
 1470.8444   3.0401E+00   5.7772E-02
 1488.0303   3.0402E+00   5.7106E-02
 1505.4170   3.0402E+00   5.6447E-02
 1523.0070   3.0403E+00   5.5795E-02
 1540.8024   3.0404E+00   5.5152E-02
 1558.8057   3.0405E+00   5.4515E-02
 1577.0194   3.0406E+00   5.3886E-02
 1595.4459   3.0407E+00   5.3265E-02
 1614.0876   3.0408E+00   5.2650E-02
 1632.9474   3.0408E+00   5.2043E-02
 1652.0273   3.0409E+00   5.1443E-02
 1671.3302   3.0410E+00   5.0850E-02
 1690.8588   3.0411E+00   5.0264E-02
 1710.6154   3.0411E+00   4.9684E-02
 1730.6029   3.0412E+00   4.9111E-02
 1750.8240   3.0413E+00   4.8545E-02
 1771.2812   3.0414E+00   4.7984E-02
 1791.9777   3.0414E+00   4.7431E-02
 1812.9158   3.0415E+00   4.6883E-02
 1834.0986   3.0415E+00   4.6342E-02
 1855.5289   3.0416E+00   4.5808E-02
 1877.2097   3.0417E+00   4.5279E-02
 1899.1437   3.0417E+00   4.4757E-02
 1921.3341   3.0418E+00   4.4242E-02
 1943.7837   3.0418E+00   4.3732E-02
 1966.4956   3.0419E+00   4.3227E-02
 1989.4729   3.0419E+00   4.2729E-02
 2012.7188   3.0420E+00   4.2235E-02
 2036.2361   3.0421E+00   4.1748E-02
 2060.0283   3.0421E+00   4.1266E-02
 2084.0984   3.0422E+00   4.0789E-02
 2108.4500   3.0422E+00   4.0319E-02
 2133.0859   3.0422E+00   3.9853E-02
 2158.0098   3.0423E+00   3.9393E-02
 2183.2246   3.0423E+00   3.8939E-02
 2208.7344   3.0424E+00   3.8489E-02
 2234.5420   3.0424E+00   3.8045E-02
 2260.6514   3.0425E+00   3.7606E-02
 2287.0657   3.0425E+00   3.7171E-02
 2313.7886   3.0425E+00   3.6742E-02
 2340.8237   3.0426E+00   3.6318E-02
 2368.1750   3.0426E+00   3.5899E-02
 2395.8457   3.0427E+00   3.5484E-02
 2423.8396   3.0427E+00   3.5075E-02
 2452.1606   3.0427E+00   3.4670E-02
 2480.8127   3.0428E+00   3.4270E-02
 2509.7996   3.0428E+00   3.3874E-02
 2539.1250   3.0428E+00   3.3483E-02
 2568.7932   3.0429E+00   3.3096E-02
 2598.8079   3.0429E+00   3.2714E-02
 2629.1733   3.0429E+00   3.2337E-02
 2659.8938   3.0430E+00   3.1963E-02
 2690.9729   3.0430E+00   3.1594E-02
 2722.4153   3.0430E+00   3.1230E-02
 2754.2251   3.0430E+00   3.0869E-02
 2786.4065   3.0431E+00   3.0513E-02
 2818.9641   3.0431E+00   3.0160E-02
 2851.9019   3.0431E+00   2.9812E-02
 2885.2246   3.0431E+00   2.9468E-02
 2918.9368   3.0432E+00   2.9127E-02
 2953.0427   3.0432E+00   2.8791E-02
 2987.5474   3.0432E+00   2.8459E-02
 3022.4551   3.0432E+00   2.8130E-02
 3057.7705   3.0433E+00   2.7805E-02
 3093.4988   3.0433E+00   2.7484E-02
 3129.6443   3.0433E+00   2.7167E-02
 3166.2124   3.0433E+00   2.6853E-02
 3203.2075   3.0434E+00   2.6543E-02
 3240.6353   3.0434E+00   2.6236E-02
 3278.5000   3.0434E+00   2.5933E-02
 3316.8074   3.0434E+00   2.5634E-02
 3355.5623   3.0434E+00   2.5338E-02
 3394.7698   3.0434E+00   2.5045E-02
 3434.4358   3.0435E+00   2.4756E-02
 3474.5649   3.0435E+00   2.4470E-02
 3515.1631   3.0435E+00   2.4187E-02
 3556.2358   3.0435E+00   2.3908E-02
 3597.7881   3.0435E+00   2.3632E-02
 3639.8262   3.0435E+00   2.3359E-02
 3682.3552   3.0436E+00   2.3089E-02
 3725.3813   3.0436E+00   2.2822E-02
 3768.9102   3.0436E+00   2.2559E-02
 3812.9478   3.0436E+00   2.2298E-02
 3857.4995   3.0436E+00   2.2041E-02
 3902.5723   3.0436E+00   2.1786E-02
 3948.1714   3.0437E+00   2.1535E-02
 3994.3032   3.0437E+00   2.1286E-02
 4040.9744   3.0437E+00   2.1040E-02
 4088.1907   3.0437E+00   2.0797E-02
 4135.9585   3.0437E+00   2.0557E-02
 4184.2847   3.0437E+00   2.0319E-02
 4233.1758   3.0437E+00   2.0085E-02
 4282.6377   3.0437E+00   1.9853E-02
 4332.6777   3.0437E+00   1.9623E-02
 4383.3027   3.0438E+00   1.9397E-02
 4434.5186   3.0438E+00   1.9173E-02
 4486.3335   3.0438E+00   1.8951E-02
 4538.7534   3.0438E+00   1.8733E-02
 4591.7861   3.0438E+00   1.8516E-02
 4645.4385   3.0438E+00   1.8302E-02
 4699.7173   3.0438E+00   1.8091E-02
 4754.6309   3.0438E+00   1.7882E-02
 4810.1855   3.0438E+00   1.7675E-02
 4866.3896   3.0438E+00   1.7471E-02
 4923.2505   3.0439E+00   1.7270E-02
 4980.7759   3.0439E+00   1.7070E-02
 5038.9731   3.0439E+00   1.6873E-02
 5097.8506   3.0439E+00   1.6678E-02
 5157.4160   3.0439E+00   1.6485E-02
 5217.6772   3.0439E+00   1.6295E-02
 5278.6426   3.0439E+00   1.6107E-02
 5340.3203   3.0439E+00   1.5921E-02
 5402.7188   3.0439E+00   1.5737E-02
 5465.8462   3.0439E+00   1.5555E-02
 5529.7109   3.0439E+00   1.5376E-02
 5594.3223   3.0439E+00   1.5198E-02
 5659.6890   3.0439E+00   1.5022E-02
 5725.8188   3.0440E+00   1.4849E-02
 5792.7217   3.0440E+00   1.4677E-02
 5860.4058   3.0440E+00   1.4508E-02
 5928.8813   3.0440E+00   1.4340E-02
 5998.1567   3.0440E+00   1.4175E-02
 6068.2412   3.0440E+00   1.4011E-02
 6139.1450   3.0440E+00   1.3849E-02
 6210.8774   3.0440E+00   1.3689E-02
 6283.4478   3.0440E+00   1.3531E-02
 6356.8657   3.0440E+00   1.3375E-02
 6431.1421   3.0440E+00   1.3220E-02
 6506.2861   3.0440E+00   1.3068E-02
 6582.3081   3.0440E+00   1.2917E-02
 6659.2183   3.0440E+00   1.2768E-02
 6737.0273   3.0440E+00   1.2620E-02
 6815.7451   3.0440E+00   1.2474E-02
 6895.3833   3.0440E+00   1.2330E-02
 6975.9517   3.0440E+00   1.2188E-02
 7057.4614   3.0440E+00   1.2047E-02
 7139.9233   3.0441E+00   1.1908E-02
 7223.3491   3.0441E+00   1.1770E-02
 7307.7495   3.0441E+00   1.1635E-02
 7393.1362   3.0441E+00   1.1500E-02
 7479.5205   3.0441E+00   1.1367E-02
 7566.9141   3.0441E+00   1.1236E-02
 7655.3291   3.0441E+00   1.1106E-02
 7744.7769   3.0441E+00   1.0978E-02
 7835.2700   3.0441E+00   1.0851E-02
 7926.8203   3.0441E+00   1.0726E-02
 8019.4404   3.0441E+00   1.0602E-02
 8113.1426   3.0441E+00   1.0480E-02
 8207.9395   3.0441E+00   1.0359E-02
 8303.8447   3.0441E+00   1.0239E-02
 8400.8701   3.0441E+00   1.0121E-02
 8499.0293   3.0441E+00   1.0004E-02
 8598.3350   3.0441E+00   9.8882E-03
 8698.8008   3.0441E+00   9.7740E-03
 8800.4414   3.0441E+00   9.6611E-03
 8903.2695   3.0441E+00   9.5496E-03
 9007.2988   3.0441E+00   9.4393E-03
 9112.5430   3.0441E+00   9.3302E-03
 9219.0176   3.0441E+00   9.2225E-03
 9326.7363   3.0441E+00   9.1160E-03
 9435.7139   3.0441E+00   9.0107E-03
 9545.9648   3.0441E+00   8.9066E-03
 9657.5029   3.0441E+00   8.8037E-03
 9770.3447   3.0441E+00   8.7021E-03
 9884.5059   3.0441E+00   8.6016E-03
10000.0000   3.0441E+00   8.5022E-03
