    0.0912   1.4513E+00   7.5338E-01
    0.0923   1.4598E+00   7.4958E-01
    0.0933   1.4678E+00   7.4536E-01
    0.0944   1.4762E+00   7.4257E-01
    0.0955   1.4870E+00   7.4058E-01
    0.0967   1.4997E+00   7.3565E-01
    0.0978   1.5103E+00   7.2804E-01
    0.0989   1.5191E+00   7.2148E-01
    0.1001   1.5281E+00   7.1556E-01
    0.1013   1.5373E+00   7.0922E-01
    0.1024   1.5471E+00   6.9987E-01
    0.1036   1.5516E+00   6.9286E-01
    0.1048   1.5568E+00   6.8735E-01
    0.1061   1.5620E+00   6.8306E-01
    0.1073   1.5657E+00   6.8029E-01
    0.1086   1.5769E+00   6.8154E-01
    0.1098   1.5877E+00   6.7745E-01
    0.1111   1.5984E+00   6.7194E-01
    0.1124   1.6111E+00   6.6226E-01
    0.1137   1.6129E+00   6.5302E-01
    0.1151   1.6164E+00   6.4846E-01
    0.1164   1.6203E+00   6.4622E-01
    0.1178   1.6242E+00   6.5318E-01
    0.1191   1.6410E+00   6.5298E-01
    0.1205   1.6565E+00   6.5000E-01
    0.1219   1.6725E+00   6.4441E-01
    0.1234   1.6896E+00   6.3834E-01
    0.1248   1.7081E+00   6.2639E-01
    0.1263   1.7253E+00   6.1068E-01
    0.1277   1.7415E+00   5.8731E-01
    0.1292   1.7473E+00   5.6493E-01
    0.1307   1.7518E+00   5.4226E-01
    0.1323   1.7566E+00   5.1667E-01
    0.1338   1.7405E+00   4.8826E-01
    0.1354   1.7240E+00   4.7384E-01
    0.1370   1.7046E+00   4.6613E-01
    0.1386   1.6976E+00   4.7635E-01
    0.1402   1.6954E+00   4.7474E-01
    0.1418   1.6936E+00   4.7341E-01
    0.1435   1.6924E+00   4.7134E-01
    0.1451   1.6913E+00   4.6978E-01
    0.1468   1.6908E+00   4.6821E-01
    0.1486   1.6907E+00   4.6666E-01
    0.1503   1.6910E+00   4.6509E-01
    0.1520   1.6915E+00   4.6352E-01
    0.1538   1.6923E+00   4.6196E-01
    0.1556   1.6933E+00   4.6039E-01
    0.1574   1.6945E+00   4.5883E-01
    0.1593   1.6959E+00   4.5726E-01
    0.1611   1.6974E+00   4.5570E-01
    0.1630   1.6990E+00   4.5413E-01
    0.1649   1.7007E+00   4.5256E-01
    0.1669   1.7025E+00   4.5100E-01
    0.1688   1.7045E+00   4.4943E-01
    0.1708   1.7064E+00   4.4787E-01
    0.1728   1.7085E+00   4.4630E-01
    0.1748   1.7106E+00   4.4474E-01
    0.1768   1.7128E+00   4.4317E-01
    0.1789   1.7150E+00   4.4160E-01
    0.1810   1.7173E+00   4.4004E-01
    0.1831   1.7196E+00   4.3847E-01
    0.1852   1.7220E+00   4.3691E-01
    0.1874   1.7244E+00   4.3534E-01
    0.1896   1.7268E+00   4.3378E-01
    0.1918   1.7292E+00   4.3221E-01
    0.1941   1.7317E+00   4.3064E-01
    0.1963   1.7342E+00   4.2908E-01
    0.1986   1.7367E+00   4.2751E-01
    0.2009   1.7392E+00   4.2595E-01
    0.2033   1.7418E+00   4.2438E-01
    0.2057   1.7444E+00   4.2282E-01
    0.2081   1.7469E+00   4.2125E-01
    0.2105   1.7495E+00   4.1968E-01
    0.2130   1.7521E+00   4.1812E-01
    0.2154   1.7547E+00   4.1655E-01
    0.2180   1.7574E+00   4.1499E-01
    0.2205   1.7600E+00   4.1342E-01
    0.2231   1.7626E+00   4.1186E-01
    0.2257   1.7652E+00   4.1029E-01
    0.2283   1.7679E+00   4.0872E-01
    0.2310   1.7705E+00   4.0716E-01
    0.2337   1.7732E+00   4.0559E-01
    0.2364   1.7758E+00   4.0403E-01
    0.2392   1.7785E+00   4.0246E-01
    0.2420   1.7811E+00   4.0090E-01
    0.2448   1.7838E+00   3.9933E-01
    0.2477   1.7864E+00   3.9776E-01
    0.2506   1.7891E+00   3.9620E-01
    0.2535   1.7917E+00   3.9463E-01
    0.2565   1.7944E+00   3.9307E-01
    0.2594   1.7970E+00   3.9150E-01
    0.2625   1.7997E+00   3.8994E-01
    0.2655   1.8023E+00   3.8837E-01
    0.2686   1.8050E+00   3.8681E-01
    0.2718   1.8076E+00   3.8524E-01
    0.2750   1.8102E+00   3.8367E-01
    0.2782   1.8128E+00   3.8211E-01
    0.2814   1.8155E+00   3.8054E-01
    0.2847   1.8181E+00   3.7898E-01
    0.2880   1.8207E+00   3.7741E-01
    0.2914   1.8233E+00   3.7584E-01
    0.2948   1.8259E+00   3.7428E-01
    0.2983   1.8285E+00   3.7271E-01
    0.3017   1.8310E+00   3.7115E-01
    0.3053   1.8336E+00   3.6958E-01
    0.3088   1.8362E+00   3.6802E-01
    0.3124   1.8388E+00   3.6645E-01
    0.3161   1.8413E+00   3.6489E-01
    0.3198   1.8439E+00   3.6332E-01
    0.3235   1.8464E+00   3.6175E-01
    0.3273   1.8489E+00   3.6019E-01
    0.3311   1.8515E+00   3.5862E-01
    0.3350   1.8540E+00   3.5706E-01
    0.3389   1.8565E+00   3.5549E-01
    0.3429   1.8590E+00   3.5393E-01
    0.3469   1.8615E+00   3.5236E-01
    0.3509   1.8640E+00   3.5079E-01
    0.3550   1.8664E+00   3.4923E-01
    0.3592   1.8689E+00   3.4766E-01
    0.3634   1.8714E+00   3.4610E-01
    0.3676   1.8738E+00   3.4453E-01
    0.3719   1.8762E+00   3.4296E-01
    0.3763   1.8787E+00   3.4140E-01
    0.3807   1.8811E+00   3.3983E-01
    0.3851   1.8835E+00   3.3827E-01
    0.3896   1.8859E+00   3.3670E-01
    0.3942   1.8883E+00   3.3514E-01
    0.3988   1.8907E+00   3.3357E-01
    0.4034   1.8931E+00   3.3200E-01
    0.4081   1.8954E+00   3.3044E-01
    0.4129   1.8978E+00   3.2887E-01
    0.4177   1.9001E+00   3.2731E-01
    0.4226   1.9025E+00   3.2574E-01
    0.4275   1.9048E+00   3.2418E-01
    0.4325   1.9071E+00   3.2261E-01
    0.4376   1.9094E+00   3.2104E-01
    0.4427   1.9117E+00   3.1948E-01
    0.4479   1.9140E+00   3.1791E-01
    0.4531   1.9162E+00   3.1635E-01
    0.4584   1.9185E+00   3.1478E-01
    0.4638   1.9208E+00   3.1322E-01
    0.4692   1.9230E+00   3.1165E-01
    0.4747   1.9252E+00   3.1009E-01
    0.4802   1.9274E+00   3.0852E-01
    0.4858   1.9297E+00   3.0695E-01
    0.4915   1.9319E+00   3.0539E-01
    0.4972   1.9340E+00   3.0382E-01
    0.5031   1.9362E+00   3.0226E-01
    0.5089   1.9384E+00   3.0069E-01
    0.5149   1.9405E+00   2.9912E-01
    0.5209   1.9427E+00   2.9756E-01
    0.5270   1.9448E+00   2.9599E-01
    0.5331   1.9469E+00   2.9443E-01
    0.5394   1.9490E+00   2.9286E-01
    0.5457   1.9511E+00   2.9130E-01
    0.5520   1.9532E+00   2.8973E-01
    0.5585   1.9553E+00   2.8817E-01
    0.5650   1.9574E+00   2.8660E-01
    0.5716   1.9594E+00   2.8503E-01
    0.5783   1.9615E+00   2.8347E-01
    0.5851   1.9635E+00   2.8190E-01
    0.5919   1.9655E+00   2.8034E-01
    0.5988   1.9675E+00   2.7877E-01
    0.6058   1.9695E+00   2.7720E-01
    0.6129   1.9715E+00   2.7564E-01
    0.6201   1.9735E+00   2.7407E-01
    0.6273   1.9755E+00   2.7251E-01
    0.6346   1.9774E+00   2.7094E-01
    0.6420   1.9793E+00   2.6938E-01
    0.6495   1.9813E+00   2.6781E-01
    0.6571   1.9832E+00   2.6625E-01
    0.6648   1.9851E+00   2.6468E-01
    0.6726   1.9870E+00   2.6311E-01
    0.6804   1.9889E+00   2.6155E-01
    0.6884   1.9907E+00   2.5998E-01
    0.6964   1.9926E+00   2.5842E-01
    0.7046   1.9944E+00   2.5685E-01
    0.7128   1.9963E+00   2.5529E-01
    0.7211   1.9981E+00   2.5372E-01
    0.7296   1.9999E+00   2.5216E-01
    0.7381   2.0017E+00   2.5059E-01
    0.7467   2.0035E+00   2.4902E-01
    0.7554   2.0052E+00   2.4746E-01
    0.7643   2.0070E+00   2.4589E-01
    0.7732   2.0088E+00   2.4433E-01
    0.7822   2.0105E+00   2.4276E-01
    0.7914   2.0122E+00   2.4119E-01
    0.8006   2.0139E+00   2.3963E-01
    0.8100   2.0156E+00   2.3806E-01
    0.8194   2.0173E+00   2.3650E-01
    0.8290   2.0190E+00   2.3493E-01
    0.8387   2.0206E+00   2.3336E-01
    0.8485   2.0223E+00   2.3180E-01
    0.8584   2.0239E+00   2.3023E-01
    0.8684   2.0255E+00   2.2867E-01
    0.8786   2.0271E+00   2.2710E-01
    0.8888   2.0287E+00   2.2554E-01
    0.8992   2.0303E+00   2.2397E-01
    0.9097   2.0319E+00   2.2241E-01
    0.9204   2.0334E+00   2.2084E-01
    0.9311   2.0350E+00   2.1927E-01
    0.9420   2.0365E+00   2.1771E-01
    0.9530   2.0380E+00   2.1614E-01
    0.9641   2.0395E+00   2.1458E-01
    0.9754   2.0410E+00   2.1301E-01
    0.9868   2.0425E+00   2.1145E-01
    0.9983   2.0440E+00   2.0988E-01
    1.0100   2.0454E+00   2.0831E-01
    1.0218   2.0469E+00   2.0675E-01
    1.0337   2.0483E+00   2.0518E-01
    1.0458   2.0497E+00   2.0362E-01
    1.0580   2.0511E+00   2.0205E-01
    1.0704   2.0525E+00   2.0048E-01
    1.0829   2.0539E+00   1.9892E-01
    1.0956   2.0552E+00   1.9736E-01
    1.1084   2.0566E+00   1.9579E-01
    1.1213   2.0579E+00   1.9422E-01
    1.1344   2.0592E+00   1.9266E-01
    1.1477   2.0605E+00   1.9109E-01
    1.1611   2.0618E+00   1.8953E-01
    1.1746   2.0631E+00   1.8796E-01
    1.1884   2.0644E+00   1.8640E-01
    1.2023   2.0656E+00   1.8483E-01
    1.2163   2.0669E+00   1.8326E-01
    1.2305   2.0681E+00   1.8170E-01
    1.2449   2.0693E+00   1.8013E-01
    1.2594   2.0706E+00   1.7857E-01
    1.2742   2.0718E+00   1.7700E-01
    1.2890   2.0732E+00   1.7546E-01
    1.3041   2.0747E+00   1.7325E-01
    1.3193   2.0755E+00   1.7155E-01
    1.3348   2.0764E+00   1.6985E-01
    1.3504   2.0774E+00   1.6817E-01
    1.3661   2.0783E+00   1.6650E-01
    1.3821   2.0792E+00   1.6485E-01
    1.3982   2.0801E+00   1.6322E-01
    1.4146   2.0809E+00   1.6161E-01
    1.4311   2.0818E+00   1.6001E-01
    1.4478   2.0826E+00   1.5843E-01
    1.4647   2.0834E+00   1.5686E-01
    1.4819   2.0842E+00   1.5531E-01
    1.4992   2.0849E+00   1.5377E-01
    1.5167   2.0857E+00   1.5225E-01
    1.5344   2.0864E+00   1.5074E-01
    1.5523   2.0871E+00   1.4925E-01
    1.5705   2.0878E+00   1.4777E-01
    1.5888   2.0884E+00   1.4631E-01
    1.6074   2.0891E+00   1.4486E-01
    1.6262   2.0897E+00   1.4343E-01
    1.6452   2.0904E+00   1.4201E-01
    1.6644   2.0910E+00   1.4061E-01
    1.6838   2.0916E+00   1.3921E-01
    1.7035   2.0922E+00   1.3784E-01
    1.7234   2.0927E+00   1.3647E-01
    1.7436   2.0933E+00   1.3512E-01
    1.7639   2.0938E+00   1.3379E-01
    1.7845   2.0944E+00   1.3246E-01
    1.8054   2.0949E+00   1.3115E-01
    1.8265   2.0954E+00   1.2985E-01
    1.8478   2.0959E+00   1.2857E-01
    1.8694   2.0964E+00   1.2730E-01
    1.8913   2.0968E+00   1.2604E-01
    1.9134   2.0973E+00   1.2479E-01
    1.9357   2.0977E+00   1.2356E-01
    1.9583   2.0982E+00   1.2233E-01
    1.9812   2.0986E+00   1.2112E-01
    2.0044   2.0990E+00   1.1992E-01
    2.0278   2.0994E+00   1.1874E-01
    2.0515   2.0998E+00   1.1756E-01
    2.0755   2.1002E+00   1.1640E-01
    2.0997   2.1006E+00   1.1525E-01
    2.1242   2.1010E+00   1.1411E-01
    2.1491   2.1013E+00   1.1298E-01
    2.1742   2.1017E+00   1.1186E-01
    2.1996   2.1020E+00   1.1075E-01
    2.2253   2.1023E+00   1.0966E-01
    2.2513   2.1026E+00   1.0857E-01
    2.2776   2.1029E+00   1.0750E-01
    2.3042   2.1032E+00   1.0644E-01
    2.3311   2.1035E+00   1.0538E-01
    2.3584   2.1038E+00   1.0434E-01
    2.3859   2.1040E+00   1.0331E-01
    2.4138   2.1043E+00   1.0228E-01
    2.4420   2.1045E+00   1.0127E-01
    2.4705   2.1048E+00   1.0027E-01
    2.4994   2.1050E+00   9.9278E-02
    2.5286   2.1052E+00   9.8296E-02
    2.5581   2.1054E+00   9.7323E-02
    2.5880   2.1055E+00   9.6360E-02
    2.6183   2.1057E+00   9.5407E-02
    2.6489   2.1058E+00   9.4463E-02
    2.6798   2.1060E+00   9.3528E-02
    2.7111   2.1061E+00   9.2603E-02
    2.7428   2.1062E+00   9.1686E-02
    2.7749   2.1063E+00   9.0779E-02
    2.8073   2.1063E+00   8.9881E-02
    2.8401   2.1063E+00   8.8992E-02
    2.8733   2.1063E+00   8.8111E-02
    2.9068   2.1063E+00   8.7239E-02
    2.9408   2.1062E+00   8.6376E-02
    2.9752   2.1061E+00   8.5522E-02
    3.0099   2.1059E+00   8.4675E-02
    3.0451   2.1057E+00   8.3837E-02
    3.0807   2.1054E+00   8.3008E-02
    3.1167   2.1049E+00   8.2187E-02
    3.1531   2.1042E+00   8.1373E-02
    3.1899   2.1033E+00   8.0568E-02
    3.2272   2.1019E+00   7.9770E-02
    3.2649   2.0996E+00   7.8973E-02
    3.3031   2.0946E+00   7.8131E-02
    3.3416   2.0817E+00   8.6739E-02
    3.3807   2.0946E+00   1.1263E-01
    3.4202   2.1151E+00   1.1062E-01
    3.4602   2.1218E+00   9.7047E-02
    3.5006   2.1293E+00   9.2853E-02
    3.5415   2.1286E+00   7.8674E-02
    3.5829   2.1234E+00   7.3905E-02
    3.6247   2.1195E+00   7.2230E-02
    3.6671   2.1175E+00   7.1505E-02
    3.7099   2.1163E+00   7.0798E-02
    3.7533   2.1153E+00   7.0098E-02
    3.7971   2.1146E+00   6.9404E-02
    3.8415   2.1140E+00   6.8717E-02
    3.8864   2.1135E+00   6.8038E-02
    3.9318   2.1131E+00   6.7364E-02
    3.9777   2.1127E+00   6.6698E-02
    4.0242   2.1123E+00   6.6036E-02
    4.0712   2.1119E+00   6.5363E-02
    4.1188   2.1119E+00   6.4862E-02
    4.1669   2.1117E+00   6.3755E-02
    4.2156   2.1112E+00   6.2760E-02
    4.2649   2.1107E+00   6.1812E-02
    4.3147   2.1101E+00   6.0892E-02
    4.3651   2.1094E+00   6.0019E-02
    4.4161   2.1086E+00   5.9271E-02
    4.4677   2.1079E+00   5.8636E-02
    4.5199   2.1072E+00   5.8009E-02
    4.5727   2.1065E+00   5.7290E-02
    4.6262   2.1058E+00   5.6444E-02
    4.6802   2.1050E+00   5.5531E-02
    4.7349   2.1040E+00   5.4597E-02
    4.7902   2.1028E+00   5.3588E-02
    4.8462   2.1014E+00   5.2407E-02
    4.9028   2.0995E+00   5.1331E-02
    4.9601   2.0972E+00   5.0667E-02
    5.0181   2.0948E+00   5.0515E-02
    5.0767   2.0926E+00   5.0656E-02
    5.1360   2.0907E+00   5.0757E-02
    5.1960   2.0888E+00   5.0459E-02
    5.2568   2.0863E+00   4.9674E-02
    5.3182   2.0829E+00   4.9028E-02
    5.3803   2.0789E+00   4.8736E-02
    5.4432   2.0740E+00   4.8351E-02
    5.5068   2.0670E+00   4.8203E-02
    5.5711   2.0572E+00   5.0227E-02
    5.6362   2.0457E+00   5.7275E-02
    5.7021   2.0357E+00   7.0330E-02
    5.7687   2.0297E+00   8.8617E-02
    5.8361   2.0309E+00   1.1271E-01
    5.9043   2.0472E+00   1.3561E-01
    5.9733   2.0717E+00   1.4404E-01
    6.0431   2.0911E+00   1.3805E-01
    6.1137   2.1010E+00   1.2888E-01
    6.1851   2.1044E+00   1.2217E-01
    6.2574   2.1069E+00   1.1967E-01
    6.3305   2.1107E+00   1.1722E-01
    6.4045   2.1131E+00   1.1373E-01
    6.4793   2.1147E+00   1.1108E-01
    6.5550   2.1160E+00   1.0849E-01
    6.6316   2.1164E+00   1.0488E-01
    6.7091   2.1121E+00   1.0108E-01
    6.7875   2.1041E+00   1.0488E-01
    6.8668   2.1048E+00   1.2092E-01
    6.9470   2.1216E+00   1.2503E-01
    7.0282   2.1284E+00   1.1619E-01
    7.1103   2.1280E+00   1.1115E-01
    7.1934   2.1244E+00   1.1145E-01
    7.2774   2.1286E+00   1.1946E-01
    7.3625   2.1388E+00   1.1675E-01
    7.4485   2.1417E+00   1.0934E-01
    7.5355   2.1404E+00   1.0558E-01
    7.6236   2.1395E+00   1.0482E-01
    7.7127   2.1397E+00   1.0471E-01
    7.8028   2.1404E+00   1.0482E-01
    7.8939   2.1412E+00   1.0503E-01
    7.9862   2.1426E+00   1.0624E-01
    8.0795   2.1461E+00   1.0742E-01
    8.1739   2.1507E+00   1.0539E-01
    8.2694   2.1525E+00   1.0136E-01
    8.3660   2.1520E+00   9.8414E-02
    8.4638   2.1507E+00   9.7367E-02
    8.5627   2.1498E+00   9.8005E-02
    8.6627   2.1505E+00   9.9471E-02
    8.7639   2.1518E+00   1.0004E-01
    8.8663   2.1530E+00   1.0110E-01
    8.9699   2.1555E+00   1.0247E-01
    9.0748   2.1586E+00   1.0211E-01
    9.1808   2.1603E+00   1.0139E-01
    9.2881   2.1625E+00   1.0195E-01
    9.3966   2.1655E+00   1.0174E-01
    9.5064   2.1680E+00   1.0087E-01
    9.6175   2.1702E+00   1.0088E-01
    9.7298   2.1734E+00   1.0150E-01
    9.8435   2.1789E+00   1.0249E-01
    9.9585   2.1872E+00   9.9547E-02
   10.0749   2.1925E+00   9.1273E-02
   10.1926   2.1927E+00   8.3349E-02
   10.3117   2.1912E+00   7.8681E-02
   10.4322   2.1905E+00   7.5455E-02
   10.5541   2.1902E+00   7.1948E-02
   10.6774   2.1891E+00   6.8325E-02
   10.8022   2.1875E+00   6.5333E-02
   10.9284   2.1857E+00   6.3118E-02
   11.0561   2.1840E+00   6.1395E-02
   11.1852   2.1825E+00   6.0026E-02
   11.3159   2.1811E+00   5.8893E-02
   11.4482   2.1797E+00   5.7809E-02
   11.5819   2.1781E+00   5.6993E-02
   11.7173   2.1766E+00   5.6450E-02
   11.8542   2.1748E+00   5.6167E-02
   11.9927   2.1728E+00   5.6807E-02
   12.1328   2.1717E+00   5.8595E-02
   12.2746   2.1719E+00   6.0219E-02
   12.4180   2.1726E+00   6.0898E-02
   12.5631   2.1728E+00   6.1324E-02
   12.7099   2.1730E+00   6.2496E-02
   12.8584   2.1742E+00   6.3849E-02
   13.0086   2.1760E+00   6.4768E-02
   13.1606   2.1785E+00   6.4944E-02
   13.3144   2.1809E+00   6.3869E-02
   13.4700   2.1824E+00   6.2057E-02
   13.6274   2.1832E+00   6.0663E-02
   13.7866   2.1840E+00   5.9540E-02
   13.9477   2.1848E+00   5.8242E-02
   14.1106   2.1855E+00   5.6601E-02
   14.2755   2.1855E+00   5.4826E-02
   14.4423   2.1848E+00   5.3550E-02
   14.6111   2.1843E+00   5.3153E-02
   14.7818   2.1841E+00   5.3037E-02
   14.9545   2.1845E+00   5.3124E-02
   15.1292   2.1851E+00   5.2431E-02
   15.3060   2.1852E+00   5.1807E-02
   15.4849   2.1854E+00   5.1562E-02
   15.6658   2.1857E+00   5.1219E-02
   15.8488   2.1860E+00   5.1016E-02
   16.0340   2.1866E+00   5.1087E-02
   16.2214   2.1875E+00   5.0717E-02
   16.4109   2.1882E+00   5.0275E-02
   16.6026   2.1890E+00   4.9847E-02
   16.7966   2.1898E+00   4.9481E-02
   16.9929   2.1909E+00   4.9052E-02
   17.1915   2.1922E+00   4.8227E-02
   17.3923   2.1932E+00   4.6994E-02
   17.5955   2.1940E+00   4.5752E-02
   17.8011   2.1947E+00   4.4520E-02
   18.0091   2.1952E+00   4.3167E-02
   18.2196   2.1955E+00   4.1852E-02
   18.4324   2.1957E+00   4.0673E-02
   18.6478   2.1958E+00   3.9665E-02
   18.8657   2.1959E+00   3.8862E-02
   19.0861   2.1962E+00   3.8188E-02
   19.3091   2.1967E+00   3.7553E-02
   19.5348   2.1975E+00   3.6595E-02
   19.7630   2.1982E+00   3.5221E-02
   19.9939   2.1985E+00   3.3621E-02
   20.2275   2.1985E+00   3.2263E-02
   20.4639   2.1985E+00   3.1116E-02
   20.7030   2.1986E+00   2.9767E-02
   20.9449   2.1983E+00   2.8502E-02
   21.1896   2.1978E+00   2.7649E-02
   21.4372   2.1978E+00   2.7141E-02
   21.6877   2.1981E+00   2.6404E-02
   21.9411   2.1984E+00   2.5331E-02
   22.1975   2.1986E+00   2.4119E-02
   22.4568   2.1987E+00   2.2877E-02
   22.7192   2.1987E+00   2.1591E-02
   22.9847   2.1985E+00   2.0209E-02
   23.2533   2.1983E+00   1.9098E-02
   23.5250   2.1983E+00   1.7745E-02
   23.7998   2.1980E+00   1.6069E-02
   24.0779   2.1973E+00   1.4491E-02
   24.3593   2.1965E+00   1.2998E-02
   24.6439   2.1953E+00   1.1469E-02
   24.9318   2.1937E+00   1.0425E-02
   25.2231   2.1921E+00   1.0108E-02
   25.5179   2.1910E+00   1.0004E-02
   25.8160   2.1901E+00   9.8921E-03
   26.1177   2.1894E+00   9.7773E-03
   26.4228   2.1887E+00   9.6662E-03
   26.7316   2.1881E+00   9.5546E-03
   27.0439   2.1875E+00   9.4440E-03
   27.3599   2.1870E+00   9.3350E-03
   27.6796   2.1866E+00   9.2272E-03
   28.0030   2.1861E+00   9.1206E-03
   28.3302   2.1857E+00   9.0153E-03
   28.6612   2.1853E+00   8.9112E-03
   28.9961   2.1850E+00   8.8082E-03
   29.3349   2.1846E+00   8.7065E-03
   29.6777   2.1843E+00   8.6059E-03
   30.0244   2.1840E+00   8.5065E-03
   30.3753   2.1837E+00   8.4083E-03
   30.7302   2.1834E+00   8.3112E-03
   31.0892   2.1832E+00   8.2152E-03
   31.4525   2.1829E+00   8.1204E-03
   31.8200   2.1827E+00   8.0265E-03
   32.1918   2.1824E+00   7.9338E-03
   32.5679   2.1822E+00   7.8422E-03
   32.9485   2.1820E+00   7.7516E-03
   33.3335   2.1818E+00   7.6621E-03
   33.7229   2.1816E+00   7.5736E-03
   34.1170   2.1814E+00   7.4861E-03
   34.5156   2.1812E+00   7.3997E-03
   34.9189   2.1811E+00   7.3142E-03
   35.3269   2.1809E+00   7.2297E-03
   35.7397   2.1808E+00   7.1462E-03
   36.1573   2.1806E+00   7.0637E-03
   36.5798   2.1804E+00   6.9821E-03
   37.0072   2.1803E+00   6.9015E-03
   37.4396   2.1802E+00   6.8218E-03
   37.8770   2.1800E+00   6.7430E-03
   38.3196   2.1799E+00   6.6651E-03
   38.7673   2.1798E+00   6.5881E-03
   39.2203   2.1797E+00   6.5120E-03
   39.6786   2.1795E+00   6.4368E-03
   40.1422   2.1794E+00   6.3625E-03
   40.6112   2.1793E+00   6.2890E-03
   41.0858   2.1792E+00   6.2164E-03
   41.5658   2.1791E+00   6.1446E-03
   42.0515   2.1790E+00   6.0736E-03
   42.5428   2.1789E+00   6.0035E-03
   43.0399   2.1788E+00   5.9341E-03
   43.5428   2.1787E+00   5.8656E-03
   44.0516   2.1786E+00   5.7978E-03
   44.5663   2.1786E+00   5.7309E-03
   45.0870   2.1785E+00   5.6647E-03
   45.6138   2.1784E+00   5.5993E-03
   46.1468   2.1783E+00   5.5346E-03
   46.6860   2.1782E+00   5.4707E-03
   47.2315   2.1782E+00   5.4075E-03
   47.7834   2.1781E+00   5.3450E-03
   48.3417   2.1780E+00   5.2833E-03
   48.9065   2.1780E+00   5.2223E-03
   49.4780   2.1779E+00   5.1620E-03
   50.0561   2.1778E+00   5.1023E-03
   50.6410   2.1778E+00   5.0434E-03
   51.2327   2.1777E+00   4.9852E-03
   51.8313   2.1777E+00   4.9276E-03
   52.4369   2.1776E+00   4.8707E-03
   53.0496   2.1775E+00   4.8144E-03
   53.6695   2.1775E+00   4.7588E-03
   54.2966   2.1774E+00   4.7039E-03
   54.9310   2.1774E+00   4.6495E-03
   55.5728   2.1773E+00   4.5958E-03
   56.2222   2.1773E+00   4.5428E-03
   56.8791   2.1772E+00   4.4903E-03
   57.5437   2.1772E+00   4.4384E-03
   58.2161   2.1771E+00   4.3872E-03
   58.8963   2.1771E+00   4.3365E-03
   59.5844   2.1771E+00   4.2864E-03
   60.2806   2.1770E+00   4.2369E-03
   60.9850   2.1770E+00   4.1880E-03
   61.6976   2.1769E+00   4.1396E-03
   62.4185   2.1769E+00   4.0918E-03
   63.1478   2.1769E+00   4.0445E-03
   63.8856   2.1768E+00   3.9978E-03
   64.6321   2.1768E+00   3.9516E-03
   65.3873   2.1768E+00   3.9060E-03
   66.1513   2.1767E+00   3.8609E-03
   66.9242   2.1767E+00   3.8163E-03
   67.7062   2.1767E+00   3.7722E-03
   68.4973   2.1766E+00   3.7287E-03
   69.2977   2.1766E+00   3.6856E-03
   70.1074   2.1766E+00   3.6430E-03
   70.9265   2.1765E+00   3.6010E-03
   71.7552   2.1765E+00   3.5594E-03
   72.5937   2.1765E+00   3.5182E-03
   73.4419   2.1765E+00   3.4776E-03
   74.3000   2.1764E+00   3.4375E-03
   75.1682   2.1764E+00   3.3978E-03
   76.0464   2.1764E+00   3.3585E-03
   76.9350   2.1764E+00   3.3197E-03
   77.8339   2.1763E+00   3.2814E-03
   78.7434   2.1763E+00   3.2435E-03
   79.6635   2.1763E+00   3.2060E-03
   80.5943   2.1763E+00   3.1690E-03
   81.5360   2.1763E+00   3.1324E-03
   82.4887   2.1762E+00   3.0962E-03
   83.4525   2.1762E+00   3.0605E-03
   84.4276   2.1762E+00   3.0251E-03
   85.4141   2.1762E+00   2.9902E-03
   86.4121   2.1762E+00   2.9556E-03
   87.4218   2.1761E+00   2.9215E-03
   88.4432   2.1761E+00   2.8878E-03
   89.4766   2.1761E+00   2.8544E-03
   90.5221   2.1761E+00   2.8214E-03
   91.5798   2.1761E+00   2.7888E-03
   92.6499   2.1761E+00   2.7566E-03
   93.7324   2.1760E+00   2.7248E-03
   94.8276   2.1760E+00   2.6933E-03
   95.9356   2.1760E+00   2.6622E-03
   97.0566   2.1760E+00   2.6315E-03
   98.1906   2.1760E+00   2.6011E-03
   99.3379   2.1760E+00   2.5711E-03
  100.4986   2.1760E+00   2.5414E-03
  101.6729   2.1759E+00   2.5120E-03
  102.8609   2.1759E+00   2.4831E-03
  104.0627   2.1759E+00   2.4544E-03
  105.2787   2.1759E+00   2.4260E-03
  106.5088   2.1759E+00   2.3979E-03
  107.7533   2.1759E+00   2.3703E-03
  109.0123   2.1759E+00   2.3429E-03
  110.2860   2.1759E+00   2.3158E-03
  111.5747   2.1758E+00   2.2890E-03
  112.8783   2.1758E+00   2.2627E-03
  114.1973   2.1758E+00   2.2365E-03
  115.5316   2.1758E+00   2.2107E-03
  116.8815   2.1758E+00   2.1851E-03
  118.2472   2.1758E+00   2.1600E-03
  119.6288   2.1758E+00   2.1350E-03
  121.0266   2.1758E+00   2.1103E-03
  122.4408   2.1758E+00   2.0859E-03
  123.8714   2.1758E+00   2.0619E-03
  125.3188   2.1758E+00   2.0380E-03
  126.7830   2.1757E+00   2.0144E-03
  128.2644   2.1757E+00   1.9913E-03
  129.7631   2.1757E+00   1.9682E-03
  131.2793   2.1757E+00   1.9455E-03
  132.8132   2.1757E+00   1.9230E-03
  134.3651   2.1757E+00   1.9008E-03
  135.9350   2.1757E+00   1.8788E-03
  137.5234   2.1757E+00   1.8571E-03
  139.1302   2.1757E+00   1.8357E-03
  140.7559   2.1757E+00   1.8145E-03
  142.4005   2.1757E+00   1.7935E-03
  144.0644   2.1757E+00   1.7728E-03
  145.7477   2.1757E+00   1.7523E-03
  147.4507   2.1757E+00   1.7321E-03
  149.1736   2.1756E+00   1.7121E-03
  150.9165   2.1756E+00   1.6923E-03
  152.6799   2.1756E+00   1.6728E-03
  154.4639   2.1756E+00   1.6535E-03
  156.2687   2.1756E+00   1.6344E-03
  158.0946   2.1756E+00   1.6155E-03
  159.9419   2.1756E+00   1.5968E-03
  161.8107   2.1756E+00   1.5784E-03
  163.7013   2.1756E+00   1.5601E-03
  165.6141   2.1756E+00   1.5421E-03
  167.5492   2.1756E+00   1.5243E-03
  169.5069   2.1756E+00   1.5067E-03
  171.4875   2.1756E+00   1.4893E-03
  173.4912   2.1756E+00   1.4721E-03
  175.5184   2.1756E+00   1.4551E-03
  177.5692   2.1756E+00   1.4382E-03
  179.6440   2.1756E+00   1.4216E-03
  181.7430   2.1756E+00   1.4052E-03
  183.8666   2.1756E+00   1.3890E-03
  186.0149   2.1756E+00   1.3729E-03
  188.1884   2.1756E+00   1.3570E-03
  190.3873   2.1755E+00   1.3414E-03
  192.6118   2.1755E+00   1.3259E-03
  194.8624   2.1755E+00   1.3106E-03
  197.1392   2.1755E+00   1.2954E-03
  199.4427   2.1755E+00   1.2805E-03
  201.7730   2.1755E+00   1.2657E-03
  204.1306   2.1755E+00   1.2511E-03
  206.5158   2.1755E+00   1.2367E-03
  208.9288   2.1755E+00   1.2224E-03
  211.3700   2.1755E+00   1.2083E-03
  213.8397   2.1755E+00   1.1943E-03
  216.3383   2.1755E+00   1.1804E-03
  218.8661   2.1755E+00   1.1668E-03
  221.4234   2.1755E+00   1.1532E-03
  224.0106   2.1755E+00   1.1399E-03
  226.6280   2.1755E+00   1.1267E-03
  229.2760   2.1755E+00   1.1136E-03
  231.9550   2.1755E+00   1.1007E-03
  234.6653   2.1755E+00   1.0879E-03
  237.4072   2.1755E+00   1.0753E-03
  240.1811   2.1755E+00   1.0628E-03
  242.9875   2.1755E+00   1.0504E-03
  245.8267   2.1755E+00   1.0382E-03
  248.6990   2.1755E+00   1.0262E-03
  251.6049   2.1755E+00   1.0143E-03
  254.5448   2.1755E+00   1.0025E-03
  257.5190   2.1755E+00   9.9085E-04
  260.5279   2.1755E+00   9.7934E-04
  263.5720   2.1755E+00   9.6798E-04
  266.6517   2.1755E+00   9.5675E-04
  269.7674   2.1755E+00   9.4566E-04
  272.9194   2.1755E+00   9.3471E-04
  276.1083   2.1755E+00   9.2390E-04
  279.3345   2.1755E+00   9.1322E-04
  282.5983   2.1755E+00   9.0269E-04
  285.9003   2.1755E+00   8.9229E-04
  289.2409   2.1755E+00   8.8204E-04
  292.6205   2.1755E+00   8.7193E-04
  296.0396   2.1755E+00   8.6196E-04
  299.4986   2.1755E+00   8.5213E-04
  302.9981   2.1755E+00   8.4246E-04
  306.5385   2.1755E+00   8.3293E-04
  310.1201   2.1754E+00   8.2350E-04
  313.7437   2.1754E+00   8.1411E-04
  317.4096   2.1754E+00   8.0494E-04
  321.1184   2.1754E+00   7.9597E-04
  324.8705   2.1754E+00   7.8705E-04
  328.6664   2.1754E+00   7.7827E-04
  332.5066   2.1754E+00   7.6957E-04
  336.3918   2.1754E+00   7.6095E-04
  340.3223   2.1754E+00   7.5242E-04
  344.2988   2.1754E+00   7.4413E-04
  348.3217   2.1754E+00   7.3548E-04
  352.3916   2.1754E+00   7.2680E-04
  356.5091   2.1754E+00   7.1838E-04
  360.6747   2.1754E+00   7.1014E-04
  364.8889   2.1754E+00   7.0155E-04
  369.1524   2.1754E+00   6.9350E-04
  373.4658   2.1754E+00   6.8574E-04
  377.8295   2.1754E+00   6.7807E-04
  382.2442   2.1754E+00   6.7045E-04
  386.7105   2.1754E+00   6.6296E-04
  391.2290   2.1754E+00   6.5555E-04
  395.8002   2.1754E+00   6.4791E-04
  400.4249   2.1754E+00   6.3995E-04
  405.1036   2.1754E+00   6.3179E-04
  409.8370   2.1754E+00   6.2401E-04
  414.6257   2.1754E+00   6.1646E-04
  419.4704   2.1754E+00   6.0879E-04
  424.3716   2.1754E+00   6.0174E-04
  429.3302   2.1754E+00   5.9530E-04
  434.3466   2.1754E+00   5.8863E-04
  439.4217   2.1754E+00   5.8262E-04
  444.5561   2.1754E+00   5.7587E-04
  449.7505   2.1754E+00   5.6894E-04
  455.0055   2.1754E+00   5.6249E-04
  460.3220   2.1754E+00   5.5600E-04
  465.7006   2.1754E+00   5.4973E-04
  471.1420   2.1754E+00   5.4385E-04
  476.6470   2.1754E+00   5.3767E-04
  482.2163   2.1754E+00   5.3184E-04
  487.8507   2.1754E+00   5.2623E-04
  493.5510   2.1754E+00   5.1949E-04
  499.3178   2.1754E+00   5.1325E-04
  505.1520   2.1754E+00   5.0825E-04
  511.0544   2.1754E+00   5.0205E-04
  517.0258   2.1754E+00   4.9619E-04
  523.0669   2.1754E+00   4.9099E-04
  529.1786   2.1754E+00   4.8558E-04
  535.3618   2.1754E+00   4.7975E-04
  541.6171   2.1754E+00   4.7369E-04
  547.9456   2.1754E+00   4.6647E-04
  554.3480   2.1754E+00   4.5882E-04
  560.8253   2.1754E+00   4.5436E-04
  567.3782   2.1754E+00   4.4916E-04
  574.0076   2.1754E+00   4.4366E-04
  580.7145   2.1754E+00   4.3894E-04
  587.4999   2.1754E+00   4.3419E-04
  594.3644   2.1754E+00   4.2930E-04
  601.3092   2.1754E+00   4.2451E-04
  608.3351   2.1754E+00   4.1954E-04
  615.4432   2.1754E+00   4.1501E-04
  622.6343   2.1754E+00   4.1054E-04
  629.9094   2.1754E+00   4.0590E-04
  637.2695   2.1754E+00   4.0123E-04
  644.7156   2.1754E+00   3.9663E-04
  652.2487   2.1754E+00   3.9211E-04
  659.8698   2.1754E+00   3.8771E-04
  667.5800   2.1754E+00   3.8338E-04
  675.3802   2.1754E+00   3.7910E-04
  683.2717   2.1754E+00   3.7485E-04
  691.2553   2.1754E+00   3.7066E-04
  699.3322   2.1754E+00   3.6652E-04
  707.5035   2.1754E+00   3.6242E-04
  715.7702   2.1754E+00   3.5837E-04
  724.1335   2.1754E+00   3.5437E-04
  732.5946   2.1754E+00   3.5041E-04
  741.1545   2.1754E+00   3.4649E-04
  749.8145   2.1754E+00   3.4262E-04
  758.5756   2.1754E+00   3.3880E-04
  767.4391   2.1754E+00   3.3502E-04
  776.4061   2.1754E+00   3.3128E-04
  785.4780   2.1754E+00   3.2758E-04
  794.6558   2.1754E+00   3.2393E-04
  803.9409   2.1754E+00   3.2031E-04
  813.3345   2.1754E+00   3.1674E-04
  822.8378   2.1754E+00   3.1321E-04
  832.4521   2.1754E+00   3.0971E-04
  842.1788   2.1754E+00   3.0626E-04
  852.0192   2.1754E+00   3.0284E-04
  861.9745   2.1754E+00   2.9947E-04
  872.0461   2.1754E+00   2.9613E-04
  882.2355   2.1754E+00   2.9283E-04
  892.5439   2.1754E+00   2.8957E-04
  902.9727   2.1754E+00   2.8634E-04
  913.5234   2.1754E+00   2.8315E-04
  924.1973   2.1754E+00   2.7999E-04
  934.9960   2.1754E+00   2.7688E-04
  945.9209   2.1754E+00   2.7379E-04
  956.9734   2.1754E+00   2.7074E-04
  968.1550   2.1754E+00   2.6773E-04
  979.4673   2.1754E+00   2.6474E-04
  990.9119   2.1754E+00   2.6179E-04
 1002.4901   2.1754E+00   2.5888E-04
 1014.2036   2.1754E+00   2.5600E-04
 1026.0538   2.1754E+00   2.5315E-04
 1038.0427   2.1754E+00   2.5033E-04
 1050.1716   2.1754E+00   2.4754E-04
 1062.4423   2.1754E+00   2.4479E-04
 1074.8562   2.1754E+00   2.4206E-04
 1087.4153   2.1754E+00   2.3936E-04
 1100.1211   2.1754E+00   2.3669E-04
 1112.9752   2.1754E+00   2.3406E-04
 1125.9797   2.1754E+00   2.3145E-04
 1139.1361   2.1754E+00   2.2887E-04
 1152.4463   2.1754E+00   2.2633E-04
 1165.9119   2.1754E+00   2.2380E-04
 1179.5348   2.1754E+00   2.2131E-04
 1193.3170   2.1754E+00   2.1884E-04
 1207.2601   2.1754E+00   2.1640E-04
 1221.3662   2.1754E+00   2.1399E-04
 1235.6372   2.1754E+00   2.1161E-04
 1250.0748   2.1754E+00   2.0925E-04
 1264.6813   2.1754E+00   2.0691E-04
 1279.4583   2.1754E+00   2.0461E-04
 1294.4080   2.1754E+00   2.0232E-04
 1309.5323   2.1754E+00   2.0007E-04
 1324.8334   2.1754E+00   1.9783E-04
 1340.3132   2.1754E+00   1.9562E-04
 1355.9740   2.1754E+00   1.9344E-04
 1371.8177   2.1754E+00   1.9127E-04
 1387.8467   2.1754E+00   1.8914E-04
 1404.0627   2.1754E+00   1.8702E-04
 1420.4684   2.1754E+00   1.8493E-04
 1437.0657   2.1754E+00   1.8286E-04
 1453.8569   2.1754E+00   1.8082E-04
 1470.8444   2.1754E+00   1.7879E-04
 1488.0303   2.1754E+00   1.7679E-04
 1505.4170   2.1754E+00   1.7481E-04
 1523.0070   2.1754E+00   1.7284E-04
 1540.8024   2.1754E+00   1.7090E-04
 1558.8057   2.1754E+00   1.6899E-04
 1577.0194   2.1754E+00   1.6709E-04
 1595.4459   2.1754E+00   1.6521E-04
 1614.0876   2.1754E+00   1.6335E-04
 1632.9474   2.1754E+00   1.6151E-04
 1652.0273   2.1754E+00   1.5969E-04
 1671.3302   2.1754E+00   1.5789E-04
 1690.8588   2.1754E+00   1.5611E-04
 1710.6154   2.1754E+00   1.5435E-04
 1730.6029   2.1754E+00   1.5260E-04
 1750.8240   2.1754E+00   1.5088E-04
 1771.2812   2.1754E+00   1.4917E-04
 1791.9777   2.1754E+00   1.4748E-04
 1812.9158   2.1754E+00   1.4581E-04
 1834.0986   2.1754E+00   1.4415E-04
 1855.5289   2.1754E+00   1.4251E-04
 1877.2097   2.1754E+00   1.4089E-04
 1899.1437   2.1754E+00   1.3929E-04
 1921.3341   2.1754E+00   1.3770E-04
 1943.7837   2.1754E+00   1.3613E-04
 1966.4956   2.1754E+00   1.3457E-04
 1989.4729   2.1754E+00   1.3303E-04
 2012.7188   2.1754E+00   1.3150E-04
 2036.2361   2.1754E+00   1.2999E-04
 2060.0283   2.1754E+00   1.2850E-04
 2084.0984   2.1754E+00   1.2702E-04
 2108.4500   2.1754E+00   1.2556E-04
 2133.0859   2.1754E+00   1.2411E-04
 2158.0098   2.1754E+00   1.2267E-04
 2183.2246   2.1754E+00   1.2125E-04
 2208.7344   2.1754E+00   1.1984E-04
 2234.5420   2.1754E+00   1.1845E-04
 2260.6514   2.1754E+00   1.1707E-04
 2287.0657   2.1754E+00   1.1570E-04
 2313.7886   2.1754E+00   1.1435E-04
 2340.8237   2.1754E+00   1.1300E-04
 2368.1750   2.1754E+00   1.1168E-04
 2395.8457   2.1754E+00   1.1036E-04
 2423.8396   2.1754E+00   1.0906E-04
 2452.1606   2.1754E+00   1.0777E-04
 2480.8127   2.1754E+00   1.0649E-04
 2509.7996   2.1754E+00   1.0523E-04
 2539.1250   2.1754E+00   1.0397E-04
 2568.7932   2.1754E+00   1.0273E-04
 2598.8079   2.1754E+00   1.0150E-04
 2629.1733   2.1754E+00   1.0028E-04
 2659.8938   2.1754E+00   9.9070E-05
 2690.9729   2.1754E+00   9.7873E-05
 2722.4153   2.1754E+00   9.6685E-05
 2754.2251   2.1754E+00   9.5509E-05
 2786.4065   2.1754E+00   9.4343E-05
 2818.9641   2.1754E+00   9.3188E-05
 2851.9019   2.1754E+00   9.2043E-05
 2885.2246   2.1754E+00   9.0908E-05
 2918.9368   2.1754E+00   8.9783E-05
 2953.0427   2.1754E+00   8.8667E-05
 2987.5474   2.1754E+00   8.7560E-05
 3022.4551   2.1754E+00   8.6497E-05
 3057.7705   2.1754E+00   8.5510E-05
 3093.4988   2.1754E+00   8.4539E-05
 3129.6443   2.1754E+00   8.3560E-05
 3166.2124   2.1754E+00   8.2591E-05
 3203.2075   2.1754E+00   8.1637E-05
 3240.6353   2.1754E+00   8.0695E-05
 3278.5000   2.1754E+00   7.9763E-05
 3316.8074   2.1754E+00   7.8842E-05
 3355.5623   2.1754E+00   7.7931E-05
 3394.7698   2.1754E+00   7.7031E-05
 3434.4358   2.1754E+00   7.6142E-05
 3474.5649   2.1754E+00   7.5262E-05
 3515.1631   2.1754E+00   7.4393E-05
 3556.2358   2.1754E+00   7.3534E-05
 3597.7881   2.1754E+00   7.2684E-05
 3639.8262   2.1754E+00   7.1845E-05
 3682.3552   2.1754E+00   7.1015E-05
 3725.3813   2.1754E+00   7.0195E-05
 3768.9102   2.1754E+00   6.9384E-05
 3812.9478   2.1754E+00   6.8583E-05
 3857.4995   2.1754E+00   6.7791E-05
 3902.5723   2.1754E+00   6.7008E-05
 3948.1714   2.1754E+00   6.6234E-05
 3994.3032   2.1754E+00   6.5469E-05
 4040.9744   2.1754E+00   6.4713E-05
 4088.1907   2.1754E+00   6.3965E-05
 4135.9585   2.1754E+00   6.3227E-05
 4184.2847   2.1754E+00   6.2496E-05
 4233.1758   2.1754E+00   6.1775E-05
 4282.6377   2.1754E+00   6.1061E-05
 4332.6777   2.1754E+00   6.0356E-05
 4383.3027   2.1754E+00   5.9659E-05
 4434.5186   2.1754E+00   5.8970E-05
 4486.3335   2.1754E+00   5.8289E-05
 4538.7534   2.1754E+00   5.7616E-05
 4591.7861   2.1754E+00   5.6950E-05
 4645.4385   2.1754E+00   5.6292E-05
 4699.7173   2.1754E+00   5.5642E-05
 4754.6309   2.1754E+00   5.5000E-05
 4810.1855   2.1754E+00   5.4364E-05
 4866.3896   2.1754E+00   5.3737E-05
 4923.2505   2.1754E+00   5.3116E-05
 4980.7759   2.1754E+00   5.2502E-05
 5038.9731   2.1754E+00   5.1896E-05
 5097.8506   2.1754E+00   5.1297E-05
 5157.4160   2.1754E+00   5.0704E-05
 5217.6772   2.1754E+00   5.0119E-05
 5278.6426   2.1754E+00   4.9540E-05
 5340.3203   2.1754E+00   4.8968E-05
 5402.7188   2.1754E+00   4.8402E-05
 5465.8462   2.1754E+00   4.7843E-05
 5529.7109   2.1754E+00   4.7291E-05
 5594.3223   2.1754E+00   4.6744E-05
 5659.6890   2.1754E+00   4.6205E-05
 5725.8188   2.1754E+00   4.5671E-05
 5792.7217   2.1754E+00   4.5143E-05
 5860.4058   2.1754E+00   4.4622E-05
 5928.8813   2.1754E+00   4.4107E-05
 5998.1567   2.1754E+00   4.3597E-05
 6068.2412   2.1754E+00   4.3094E-05
 6139.1450   2.1754E+00   4.2596E-05
 6210.8774   2.1754E+00   4.2104E-05
 6283.4478   2.1754E+00   4.1618E-05
 6356.8657   2.1754E+00   4.1137E-05
 6431.1421   2.1754E+00   4.0662E-05
 6506.2861   2.1754E+00   4.0192E-05
 6582.3081   2.1754E+00   3.9728E-05
 6659.2183   2.1754E+00   3.9269E-05
 6737.0273   2.1754E+00   3.8816E-05
 6815.7451   2.1754E+00   3.8367E-05
 6895.3833   2.1754E+00   3.7924E-05
 6975.9517   2.1754E+00   3.7486E-05
 7057.4614   2.1754E+00   3.7053E-05
 7139.9233   2.1754E+00   3.6625E-05
 7223.3491   2.1754E+00   3.6202E-05
 7307.7495   2.1754E+00   3.5784E-05
 7393.1362   2.1754E+00   3.5371E-05
 7479.5205   2.1754E+00   3.4963E-05
 7566.9141   2.1754E+00   3.4559E-05
 7655.3291   2.1754E+00   3.4160E-05
 7744.7769   2.1754E+00   3.3765E-05
 7835.2700   2.1754E+00   3.3375E-05
 7926.8203   2.1754E+00   3.2990E-05
 8019.4404   2.1754E+00   3.2609E-05
 8113.1426   2.1754E+00   3.2232E-05
 8207.9395   2.1754E+00   3.1860E-05
 8303.8447   2.1754E+00   3.1492E-05
 8400.8701   2.1754E+00   3.1128E-05
 8499.0293   2.1754E+00   3.0769E-05
 8598.3350   2.1754E+00   3.0413E-05
 8698.8008   2.1754E+00   3.0062E-05
 8800.4414   2.1754E+00   2.9715E-05
 8903.2695   2.1754E+00   2.9372E-05
 9007.2988   2.1754E+00   2.9032E-05
 9112.5430   2.1754E+00   2.8697E-05
 9219.0176   2.1754E+00   2.8366E-05
 9326.7363   2.1754E+00   2.8038E-05
 9435.7139   2.1754E+00   2.7714E-05
 9545.9648   2.1754E+00   2.7394E-05
 9657.5029   2.1754E+00   2.7078E-05
 9770.3447   2.1754E+00   2.6765E-05
 9884.5059   2.1754E+00   2.6456E-05
10000.0000   2.1754E+00   2.6150E-05
