    0.0912   1.3487E+00   9.0606E-01
    0.0923   1.3661E+00   9.2591E-01
    0.0933   1.3926E+00   9.4339E-01
    0.0944   1.4234E+00   9.5298E-01
    0.0955   1.4542E+00   9.5685E-01
    0.0967   1.4840E+00   9.5666E-01
    0.0978   1.5118E+00   9.5332E-01
    0.0989   1.5359E+00   9.4892E-01
    0.1001   1.5593E+00   9.4895E-01
    0.1013   1.5875E+00   9.4986E-01
    0.1024   1.6203E+00   9.4793E-01
    0.1036   1.6567E+00   9.4026E-01
    0.1048   1.6941E+00   9.2414E-01
    0.1061   1.7272E+00   8.9811E-01
    0.1073   1.7509E+00   8.6632E-01
    0.1086   1.7640E+00   8.3443E-01
    0.1098   1.7685E+00   8.0736E-01
    0.1111   1.7686E+00   7.8867E-01
    0.1124   1.7694E+00   7.7726E-01
    0.1137   1.7733E+00   7.7058E-01
    0.1151   1.7812E+00   7.6631E-01
    0.1164   1.7932E+00   7.6227E-01
    0.1178   1.8088E+00   7.5649E-01
    0.1191   1.8268E+00   7.4711E-01
    0.1205   1.8448E+00   7.3247E-01
    0.1219   1.8587E+00   7.1338E-01
    0.1234   1.8668E+00   6.9378E-01
    0.1248   1.8699E+00   6.7744E-01
    0.1263   1.8718E+00   6.6703E-01
    0.1277   1.8766E+00   6.6063E-01
    0.1292   1.8851E+00   6.5477E-01
    0.1307   1.8961E+00   6.4624E-01
    0.1323   1.9057E+00   6.3459E-01
    0.1338   1.9121E+00   6.2208E-01
    0.1354   1.9146E+00   6.1097E-01
    0.1370   1.9130E+00   6.0416E-01
    0.1386   1.9089E+00   6.0613E-01
    0.1402   1.9077E+00   6.2193E-01
    0.1418   1.9225E+00   6.5261E-01
    0.1435   1.9645E+00   6.8403E-01
    0.1451   2.0319E+00   6.9649E-01
    0.1468   2.1063E+00   6.7669E-01
    0.1486   2.1724E+00   6.3536E-01
    0.1503   2.2437E+00   5.7479E-01
    0.1520   2.2724E+00   4.6586E-01
    0.1538   2.2617E+00   3.7757E-01
    0.1556   2.2324E+00   3.0865E-01
    0.1574   2.1983E+00   2.5646E-01
    0.1593   2.1567E+00   2.1309E-01
    0.1611   2.1049E+00   1.9877E-01
    0.1630   2.0783E+00   1.9879E-01
    0.1649   2.0626E+00   1.9670E-01
    0.1669   2.0529E+00   1.9139E-01
    0.1688   2.0464E+00   1.8244E-01
    0.1708   2.0403E+00   1.6988E-01
    0.1728   2.0323E+00   1.5511E-01
    0.1748   2.0219E+00   1.4069E-01
    0.1768   2.0105E+00   1.2819E-01
    0.1789   1.9993E+00   1.1706E-01
    0.1810   1.9884E+00   1.0642E-01
    0.1831   1.9773E+00   9.6158E-02
    0.1852   1.9657E+00   8.6728E-02
    0.1874   1.9539E+00   7.8394E-02
    0.1896   1.9422E+00   7.1217E-02
    0.1918   1.9309E+00   6.5153E-02
    0.1941   1.9201E+00   5.9916E-02
    0.1963   1.9100E+00   5.5203E-02
    0.1986   1.9002E+00   5.0902E-02
    0.2009   1.8908E+00   4.7010E-02
    0.2033   1.8818E+00   4.3503E-02
    0.2057   1.8731E+00   4.0331E-02
    0.2081   1.8646E+00   3.7462E-02
    0.2105   1.8564E+00   3.4889E-02
    0.2130   1.8485E+00   3.2614E-02
    0.2154   1.8407E+00   3.0650E-02
    0.2180   1.8331E+00   2.9024E-02
    0.2205   1.8258E+00   2.7796E-02
    0.2231   1.8188E+00   2.6983E-02
    0.2257   1.8121E+00   2.6511E-02
    0.2283   1.8059E+00   2.6303E-02
    0.2310   1.8002E+00   2.6271E-02
    0.2337   1.7948E+00   2.6348E-02
    0.2364   1.7898E+00   2.6488E-02
    0.2392   1.7851E+00   2.6665E-02
    0.2420   1.7807E+00   2.6866E-02
    0.2448   1.7765E+00   2.7100E-02
    0.2477   1.7726E+00   2.7374E-02
    0.2506   1.7689E+00   2.7657E-02
    0.2535   1.7655E+00   2.7915E-02
    0.2565   1.7623E+00   2.8136E-02
    0.2594   1.7593E+00   2.8296E-02
    0.2625   1.7565E+00   2.8363E-02
    0.2655   1.7538E+00   2.8355E-02
    0.2686   1.7511E+00   2.8304E-02
    0.2718   1.7485E+00   2.8220E-02
    0.2750   1.7460E+00   2.8140E-02
    0.2782   1.7435E+00   2.8110E-02
    0.2814   1.7410E+00   2.8119E-02
    0.2847   1.7387E+00   2.8154E-02
    0.2880   1.7365E+00   2.8219E-02
    0.2914   1.7344E+00   2.8290E-02
    0.2948   1.7324E+00   2.8354E-02
    0.2983   1.7305E+00   2.8415E-02
    0.3017   1.7286E+00   2.8471E-02
    0.3053   1.7269E+00   2.8522E-02
    0.3088   1.7252E+00   2.8567E-02
    0.3124   1.7235E+00   2.8606E-02
    0.3161   1.7220E+00   2.8638E-02
    0.3198   1.7204E+00   2.8664E-02
    0.3235   1.7190E+00   2.8684E-02
    0.3273   1.7175E+00   2.8701E-02
    0.3311   1.7162E+00   2.8718E-02
    0.3350   1.7149E+00   2.8734E-02
    0.3389   1.7136E+00   2.8750E-02
    0.3429   1.7123E+00   2.8767E-02
    0.3469   1.7111E+00   2.8785E-02
    0.3509   1.7100E+00   2.8803E-02
    0.3550   1.7089E+00   2.8822E-02
    0.3592   1.7078E+00   2.8843E-02
    0.3634   1.7068E+00   2.8864E-02
    0.3676   1.7058E+00   2.8887E-02
    0.3719   1.7048E+00   2.8910E-02
    0.3763   1.7039E+00   2.8933E-02
    0.3807   1.7030E+00   2.8956E-02
    0.3851   1.7021E+00   2.8978E-02
    0.3896   1.7013E+00   2.8999E-02
    0.3942   1.7005E+00   2.9019E-02
    0.3988   1.6997E+00   2.9037E-02
    0.4034   1.6989E+00   2.9053E-02
    0.4081   1.6982E+00   2.9068E-02
    0.4129   1.6975E+00   2.9081E-02
    0.4177   1.6968E+00   2.9092E-02
    0.4226   1.6962E+00   2.9101E-02
    0.4275   1.6956E+00   2.9110E-02
    0.4325   1.6950E+00   2.9118E-02
    0.4376   1.6944E+00   2.9127E-02
    0.4427   1.6938E+00   2.9136E-02
    0.4479   1.6933E+00   2.9145E-02
    0.4531   1.6927E+00   2.9155E-02
    0.4584   1.6922E+00   2.9165E-02
    0.4638   1.6917E+00   2.9175E-02
    0.4692   1.6912E+00   2.9186E-02
    0.4747   1.6908E+00   2.9197E-02
    0.4802   1.6903E+00   2.9209E-02
    0.4858   1.6899E+00   2.9221E-02
    0.4915   1.6895E+00   2.9233E-02
    0.4972   1.6891E+00   2.9246E-02
    0.5031   1.6887E+00   2.9258E-02
    0.5089   1.6884E+00   2.9271E-02
    0.5149   1.6880E+00   2.9284E-02
    0.5209   1.6877E+00   2.9298E-02
    0.5270   1.6873E+00   2.9311E-02
    0.5331   1.6870E+00   2.9325E-02
    0.5394   1.6867E+00   2.9339E-02
    0.5457   1.6864E+00   2.9353E-02
    0.5520   1.6861E+00   2.9367E-02
    0.5585   1.6859E+00   2.9381E-02
    0.5650   1.6856E+00   2.9394E-02
    0.5716   1.6854E+00   2.9408E-02
    0.5783   1.6851E+00   2.9422E-02
    0.5851   1.6849E+00   2.9437E-02
    0.5919   1.6847E+00   2.9451E-02
    0.5988   1.6845E+00   2.9465E-02
    0.6058   1.6843E+00   2.9479E-02
    0.6129   1.6841E+00   2.9494E-02
    0.6201   1.6839E+00   2.9509E-02
    0.6273   1.6837E+00   2.9524E-02
    0.6346   1.6836E+00   2.9539E-02
    0.6420   1.6834E+00   2.9554E-02
    0.6495   1.6833E+00   2.9569E-02
    0.6571   1.6831E+00   2.9584E-02
    0.6648   1.6830E+00   2.9600E-02
    0.6726   1.6828E+00   2.9616E-02
    0.6804   1.6827E+00   2.9632E-02
    0.6884   1.6826E+00   2.9648E-02
    0.6964   1.6825E+00   2.9665E-02
    0.7046   1.6824E+00   2.9682E-02
    0.7128   1.6823E+00   2.9700E-02
    0.7211   1.6822E+00   2.9718E-02
    0.7296   1.6821E+00   2.9736E-02
    0.7381   1.6820E+00   2.9755E-02
    0.7467   1.6819E+00   2.9774E-02
    0.7554   1.6818E+00   2.9794E-02
    0.7643   1.6818E+00   2.9814E-02
    0.7732   1.6817E+00   2.9834E-02
    0.7822   1.6816E+00   2.9854E-02
    0.7914   1.6816E+00   2.9874E-02
    0.8006   1.6815E+00   2.9894E-02
    0.8100   1.6815E+00   2.9915E-02
    0.8194   1.6814E+00   2.9935E-02
    0.8290   1.6814E+00   2.9955E-02
    0.8387   1.6814E+00   2.9976E-02
    0.8485   1.6813E+00   2.9996E-02
    0.8584   1.6813E+00   3.0017E-02
    0.8684   1.6813E+00   3.0038E-02
    0.8786   1.6812E+00   3.0059E-02
    0.8888   1.6812E+00   3.0080E-02
    0.8992   1.6812E+00   3.0102E-02
    0.9097   1.6812E+00   3.0123E-02
    0.9204   1.6811E+00   3.0145E-02
    0.9311   1.6811E+00   3.0166E-02
    0.9420   1.6811E+00   3.0188E-02
    0.9530   1.6811E+00   3.0209E-02
    0.9641   1.6811E+00   3.0230E-02
    0.9754   1.6811E+00   3.0251E-02
    0.9868   1.6811E+00   3.0270E-02
    0.9983   1.6811E+00   3.0290E-02
    1.0100   1.6811E+00   3.0309E-02
    1.0218   1.6811E+00   3.0327E-02
    1.0337   1.6810E+00   3.0346E-02
    1.0458   1.6810E+00   3.0363E-02
    1.0580   1.6810E+00   3.0381E-02
    1.0704   1.6810E+00   3.0399E-02
    1.0829   1.6810E+00   3.0417E-02
    1.0956   1.6810E+00   3.0436E-02
    1.1084   1.6810E+00   3.0455E-02
    1.1213   1.6810E+00   3.0475E-02
    1.1344   1.6810E+00   3.0496E-02
    1.1477   1.6810E+00   3.0519E-02
    1.1611   1.6809E+00   3.0542E-02
    1.1746   1.6809E+00   3.0568E-02
    1.1884   1.6809E+00   3.0595E-02
    1.2023   1.6809E+00   3.0624E-02
    1.2163   1.6809E+00   3.0655E-02
    1.2305   1.6808E+00   3.0688E-02
    1.2449   1.6808E+00   3.0723E-02
    1.2594   1.6808E+00   3.0761E-02
    1.2742   1.6807E+00   3.0801E-02
    1.2890   1.6807E+00   3.0842E-02
    1.3041   1.6807E+00   3.0886E-02
    1.3193   1.6807E+00   3.0932E-02
    1.3348   1.6806E+00   3.0980E-02
    1.3504   1.6806E+00   3.1029E-02
    1.3661   1.6806E+00   3.1080E-02
    1.3821   1.6805E+00   3.1132E-02
    1.3982   1.6805E+00   3.1184E-02
    1.4146   1.6805E+00   3.1237E-02
    1.4311   1.6804E+00   3.1290E-02
    1.4478   1.6804E+00   3.1344E-02
    1.4647   1.6803E+00   3.1397E-02
    1.4819   1.6803E+00   3.1451E-02
    1.4992   1.6803E+00   3.1504E-02
    1.5167   1.6802E+00   3.1557E-02
    1.5344   1.6802E+00   3.1609E-02
    1.5523   1.6801E+00   3.1662E-02
    1.5705   1.6800E+00   3.1715E-02
    1.5888   1.6800E+00   3.1768E-02
    1.6074   1.6799E+00   3.1822E-02
    1.6262   1.6798E+00   3.1877E-02
    1.6452   1.6797E+00   3.1934E-02
    1.6644   1.6797E+00   3.1992E-02
    1.6838   1.6796E+00   3.2051E-02
    1.7035   1.6795E+00   3.2113E-02
    1.7234   1.6794E+00   3.2176E-02
    1.7436   1.6793E+00   3.2241E-02
    1.7639   1.6792E+00   3.2308E-02
    1.7845   1.6790E+00   3.2377E-02
    1.8054   1.6789E+00   3.2448E-02
    1.8265   1.6788E+00   3.2520E-02
    1.8478   1.6786E+00   3.2594E-02
    1.8694   1.6785E+00   3.2670E-02
    1.8913   1.6784E+00   3.2748E-02
    1.9134   1.6782E+00   3.2829E-02
    1.9357   1.6781E+00   3.2911E-02
    1.9583   1.6779E+00   3.2995E-02
    1.9812   1.6777E+00   3.3081E-02
    2.0044   1.6775E+00   3.3169E-02
    2.0278   1.6774E+00   3.3259E-02
    2.0515   1.6772E+00   3.3351E-02
    2.0755   1.6770E+00   3.3445E-02
    2.0997   1.6768E+00   3.3540E-02
    2.1242   1.6765E+00   3.3637E-02
    2.1491   1.6763E+00   3.3734E-02
    2.1742   1.6761E+00   3.3833E-02
    2.1996   1.6759E+00   3.3932E-02
    2.2253   1.6756E+00   3.4032E-02
    2.2513   1.6754E+00   3.4133E-02
    2.2776   1.6751E+00   3.4235E-02
    2.3042   1.6748E+00   3.4338E-02
    2.3311   1.6745E+00   3.4442E-02
    2.3584   1.6742E+00   3.4547E-02
    2.3859   1.6739E+00   3.4653E-02
    2.4138   1.6736E+00   3.4761E-02
    2.4420   1.6733E+00   3.4870E-02
    2.4705   1.6729E+00   3.4982E-02
    2.4994   1.6726E+00   3.5095E-02
    2.5286   1.6722E+00   3.5210E-02
    2.5581   1.6718E+00   3.5328E-02
    2.5880   1.6714E+00   3.5447E-02
    2.6183   1.6710E+00   3.5569E-02
    2.6489   1.6706E+00   3.5694E-02
    2.6798   1.6701E+00   3.5822E-02
    2.7111   1.6697E+00   3.5952E-02
    2.7428   1.6692E+00   3.6085E-02
    2.7749   1.6687E+00   3.6222E-02
    2.8073   1.6682E+00   3.6362E-02
    2.8401   1.6677E+00   3.6506E-02
    2.8733   1.6671E+00   3.6653E-02
    2.9068   1.6666E+00   3.6803E-02
    2.9408   1.6660E+00   3.6958E-02
    2.9752   1.6654E+00   3.7117E-02
    3.0099   1.6648E+00   3.7280E-02
    3.0451   1.6641E+00   3.7447E-02
    3.0807   1.6635E+00   3.7618E-02
    3.1167   1.6628E+00   3.7792E-02
    3.1531   1.6622E+00   3.7968E-02
    3.1899   1.6615E+00   3.8147E-02
    3.2272   1.6607E+00   3.8327E-02
    3.2649   1.6600E+00   3.8507E-02
    3.3031   1.6592E+00   3.8688E-02
    3.3416   1.6584E+00   3.8868E-02
    3.3807   1.6576E+00   3.9048E-02
    3.4202   1.6568E+00   3.9225E-02
    3.4602   1.6560E+00   3.9400E-02
    3.5006   1.6551E+00   3.9572E-02
    3.5415   1.6542E+00   3.9740E-02
    3.5829   1.6532E+00   3.9903E-02
    3.6247   1.6523E+00   4.0061E-02
    3.6671   1.6513E+00   4.0212E-02
    3.7099   1.6502E+00   4.0357E-02
    3.7533   1.6492E+00   4.0493E-02
    3.7971   1.6481E+00   4.0622E-02
    3.8415   1.6469E+00   4.0741E-02
    3.8864   1.6457E+00   4.0849E-02
    3.9318   1.6445E+00   4.0947E-02
    3.9777   1.6432E+00   4.1033E-02
    4.0242   1.6418E+00   4.1107E-02
    4.0712   1.6404E+00   4.1171E-02
    4.1188   1.6389E+00   4.1227E-02
    4.1669   1.6374E+00   4.1278E-02
    4.2156   1.6357E+00   4.1327E-02
    4.2649   1.6340E+00   4.1380E-02
    4.3147   1.6323E+00   4.1437E-02
    4.3651   1.6304E+00   4.1503E-02
    4.4161   1.6284E+00   4.1580E-02
    4.4677   1.6264E+00   4.1672E-02
    4.5199   1.6243E+00   4.1781E-02
    4.5727   1.6220E+00   4.1913E-02
    4.6262   1.6197E+00   4.2070E-02
    4.6802   1.6173E+00   4.2256E-02
    4.7349   1.6148E+00   4.2476E-02
    4.7902   1.6122E+00   4.2731E-02
    4.8462   1.6095E+00   4.3028E-02
    4.9028   1.6068E+00   4.3369E-02
    4.9601   1.6039E+00   4.3757E-02
    5.0181   1.6009E+00   4.4194E-02
    5.0767   1.5979E+00   4.4684E-02
    5.1360   1.5948E+00   4.5215E-02
    5.1960   1.5916E+00   4.5781E-02
    5.2568   1.5884E+00   4.6371E-02
    5.3182   1.5851E+00   4.6970E-02
    5.3803   1.5817E+00   4.7563E-02
    5.4432   1.5782E+00   4.8140E-02
    5.5068   1.5747E+00   4.8688E-02
    5.5711   1.5710E+00   4.9192E-02
    5.6362   1.5672E+00   4.9643E-02
    5.7021   1.5633E+00   5.0026E-02
    5.7687   1.5592E+00   5.0318E-02
    5.8361   1.5549E+00   5.0505E-02
    5.9043   1.5503E+00   5.0576E-02
    5.9733   1.5455E+00   5.0512E-02
    6.0431   1.5403E+00   5.0323E-02
    6.1137   1.5346E+00   5.0046E-02
    6.1851   1.5285E+00   4.9717E-02
    6.2574   1.5218E+00   4.9377E-02
    6.3305   1.5146E+00   4.9099E-02
    6.4045   1.5067E+00   4.8928E-02
    6.4793   1.4982E+00   4.8904E-02
    6.5550   1.4891E+00   4.9083E-02
    6.6316   1.4793E+00   4.9523E-02
    6.7091   1.4687E+00   5.0278E-02
    6.7875   1.4573E+00   5.1429E-02
    6.8668   1.4452E+00   5.3059E-02
    6.9470   1.4322E+00   5.5260E-02
    7.0282   1.4184E+00   5.8128E-02
    7.1103   1.4038E+00   6.1786E-02
    7.1934   1.3883E+00   6.6325E-02
    7.2774   1.3720E+00   7.1855E-02
    7.3625   1.3548E+00   7.8501E-02
    7.4485   1.3369E+00   8.6402E-02
    7.5355   1.3181E+00   9.5691E-02
    7.6236   1.2984E+00   1.0658E-01
    7.7127   1.2781E+00   1.1928E-01
    7.8028   1.2570E+00   1.3402E-01
    7.8939   1.2354E+00   1.5106E-01
    7.9862   1.2134E+00   1.7065E-01
    8.0795   1.1913E+00   1.9311E-01
    8.1739   1.1693E+00   2.1872E-01
    8.2694   1.1479E+00   2.4778E-01
    8.3660   1.1276E+00   2.8047E-01
    8.4638   1.1088E+00   3.1677E-01
    8.5627   1.0920E+00   3.5716E-01
    8.6627   1.0782E+00   4.0168E-01
    8.7639   1.0682E+00   4.5022E-01
    8.8663   1.0628E+00   5.0288E-01
    8.9699   1.0646E+00   5.5963E-01
    9.0748   1.0748E+00   6.1758E-01
    9.1808   1.0935E+00   6.7480E-01
    9.2881   1.1208E+00   7.2916E-01
    9.3966   1.1566E+00   7.7754E-01
    9.5064   1.1957E+00   8.1764E-01
    9.6175   1.2367E+00   8.5128E-01
    9.7298   1.2781E+00   8.7888E-01
    9.8435   1.3185E+00   9.0136E-01
    9.9585   1.3566E+00   9.2117E-01
   10.0749   1.3952E+00   9.3940E-01
   10.1926   1.4339E+00   9.5531E-01
   10.3117   1.4728E+00   9.6913E-01
   10.4322   1.5123E+00   9.8091E-01
   10.5541   1.5524E+00   9.9025E-01
   10.6774   1.5932E+00   9.9698E-01
   10.8022   1.6344E+00   1.0009E+00
   10.9284   1.6762E+00   1.0017E+00
   11.0561   1.7183E+00   9.9889E-01
   11.1852   1.7602E+00   9.9156E-01
   11.3159   1.8004E+00   9.8000E-01
   11.4482   1.8384E+00   9.6470E-01
   11.5819   1.8739E+00   9.4607E-01
   11.7173   1.9061E+00   9.2461E-01
   11.8542   1.9352E+00   9.0167E-01
   11.9927   1.9620E+00   8.7694E-01
   12.1328   1.9862E+00   8.5034E-01
   12.2746   2.0077E+00   8.2190E-01
   12.4180   2.0263E+00   7.9162E-01
   12.5631   2.0416E+00   7.5904E-01
   12.7099   2.0525E+00   7.2488E-01
   12.8584   2.0588E+00   6.8967E-01
   13.0086   2.0603E+00   6.5403E-01
   13.1606   2.0565E+00   6.1870E-01
   13.3144   2.0473E+00   5.8423E-01
   13.4700   2.0324E+00   5.5198E-01
   13.6274   2.0122E+00   5.2307E-01
   13.7866   1.9873E+00   4.9859E-01
   13.9477   1.9583E+00   4.7969E-01
   14.1106   1.9273E+00   4.6807E-01
   14.2755   1.8963E+00   4.6255E-01
   14.4423   1.8662E+00   4.6266E-01
   14.6111   1.8381E+00   4.6765E-01
   14.7818   1.8130E+00   4.7625E-01
   14.9545   1.7898E+00   4.8661E-01
   15.1292   1.7684E+00   4.9936E-01
   15.3060   1.7487E+00   5.1410E-01
   15.4849   1.7306E+00   5.3056E-01
   15.6658   1.7140E+00   5.4879E-01
   15.8488   1.6993E+00   5.6884E-01
   16.0340   1.6863E+00   5.9031E-01
   16.2214   1.6752E+00   6.1311E-01
   16.4109   1.6659E+00   6.3716E-01
   16.6026   1.6584E+00   6.6244E-01
   16.7966   1.6530E+00   6.8890E-01
   16.9929   1.6498E+00   7.1632E-01
   17.1915   1.6489E+00   7.4451E-01
   17.3923   1.6504E+00   7.7325E-01
   17.5955   1.6545E+00   8.0232E-01
   17.8011   1.6612E+00   8.3140E-01
   18.0091   1.6705E+00   8.6015E-01
   18.2196   1.6824E+00   8.8821E-01
   18.4324   1.6968E+00   9.1524E-01
   18.6478   1.7135E+00   9.4077E-01
   18.8657   1.7320E+00   9.6459E-01
   19.0861   1.7520E+00   9.8662E-01
   19.3091   1.7732E+00   1.0068E+00
   19.5348   1.7954E+00   1.0250E+00
   19.7630   1.8181E+00   1.0415E+00
   19.9939   1.8414E+00   1.0561E+00
   20.2275   1.8648E+00   1.0690E+00
   20.4639   1.8882E+00   1.0804E+00
   20.7030   1.9115E+00   1.0903E+00
   20.9449   1.9346E+00   1.0991E+00
   21.1896   1.9575E+00   1.1067E+00
   21.4372   1.9802E+00   1.1132E+00
   21.6877   2.0026E+00   1.1187E+00
   21.9411   2.0248E+00   1.1232E+00
   22.1975   2.0466E+00   1.1267E+00
   22.4568   2.0679E+00   1.1293E+00
   22.7192   2.0886E+00   1.1310E+00
   22.9847   2.1088E+00   1.1321E+00
   23.2533   2.1283E+00   1.1326E+00
   23.5250   2.1473E+00   1.1326E+00
   23.7998   2.1656E+00   1.1322E+00
   24.0779   2.1833E+00   1.1314E+00
   24.3593   2.2004E+00   1.1304E+00
   24.6439   2.2169E+00   1.1293E+00
   24.9318   2.2330E+00   1.1282E+00
   25.2231   2.2486E+00   1.1270E+00
   25.5179   2.2639E+00   1.1259E+00
   25.8160   2.2789E+00   1.1248E+00
   26.1177   2.2937E+00   1.1237E+00
   26.4228   2.3083E+00   1.1226E+00
   26.7316   2.3227E+00   1.1216E+00
   27.0439   2.3370E+00   1.1205E+00
   27.3599   2.3512E+00   1.1195E+00
   27.6796   2.3654E+00   1.1184E+00
   28.0030   2.3794E+00   1.1172E+00
   28.3302   2.3935E+00   1.1160E+00
   28.6612   2.4074E+00   1.1147E+00
   28.9961   2.4213E+00   1.1134E+00
   29.3349   2.4352E+00   1.1119E+00
   29.6777   2.4490E+00   1.1103E+00
   30.0244   2.4627E+00   1.1087E+00
   30.3753   2.4765E+00   1.1069E+00
   30.7302   2.4901E+00   1.1050E+00
   31.0892   2.5037E+00   1.1029E+00
   31.4525   2.5173E+00   1.1007E+00
   31.8200   2.5307E+00   1.0984E+00
   32.1918   2.5441E+00   1.0960E+00
   32.5679   2.5575E+00   1.0934E+00
   32.9485   2.5707E+00   1.0908E+00
   33.3335   2.5839E+00   1.0880E+00
   33.7229   2.5970E+00   1.0851E+00
   34.1170   2.6101E+00   1.0821E+00
   34.5156   2.6230E+00   1.0789E+00
   34.9189   2.6359E+00   1.0756E+00
   35.3269   2.6488E+00   1.0722E+00
   35.7397   2.6615E+00   1.0687E+00
   36.1573   2.6742E+00   1.0651E+00
   36.5798   2.6868E+00   1.0613E+00
   37.0072   2.6993E+00   1.0575E+00
   37.4396   2.7117E+00   1.0535E+00
   37.8770   2.7241E+00   1.0493E+00
   38.3196   2.7363E+00   1.0451E+00
   38.7673   2.7485E+00   1.0408E+00
   39.2203   2.7606E+00   1.0363E+00
   39.6786   2.7725E+00   1.0317E+00
   40.1422   2.7844E+00   1.0270E+00
   40.6112   2.7962E+00   1.0222E+00
   41.0858   2.8079E+00   1.0172E+00
   41.5658   2.8195E+00   1.0122E+00
   42.0515   2.8310E+00   1.0070E+00
   42.5428   2.8425E+00   1.0018E+00
   43.0399   2.8537E+00   9.9639E-01
   43.5428   2.8649E+00   9.9091E-01
   44.0516   2.8760E+00   9.8531E-01
   44.5663   2.8870E+00   9.7961E-01
   45.0870   2.8978E+00   9.7380E-01
   45.6138   2.9086E+00   9.6789E-01
   46.1468   2.9192E+00   9.6188E-01
   46.6860   2.9297E+00   9.5578E-01
   47.2315   2.9401E+00   9.4957E-01
   47.7834   2.9503E+00   9.4327E-01
   48.3417   2.9604E+00   9.3687E-01
   48.9065   2.9704E+00   9.3038E-01
   49.4780   2.9803E+00   9.2380E-01
   50.0561   2.9900E+00   9.1712E-01
   50.6410   2.9996E+00   9.1036E-01
   51.2327   3.0090E+00   9.0352E-01
   51.8313   3.0183E+00   8.9660E-01
   52.4369   3.0274E+00   8.8961E-01
   53.0496   3.0364E+00   8.8255E-01
   53.6695   3.0452E+00   8.7543E-01
   54.2966   3.0539E+00   8.6825E-01
   54.9310   3.0624E+00   8.6102E-01
   55.5728   3.0707E+00   8.5374E-01
   56.2222   3.0789E+00   8.4642E-01
   56.8791   3.0870E+00   8.3905E-01
   57.5437   3.0948E+00   8.3166E-01
   58.2161   3.1026E+00   8.2423E-01
   58.8963   3.1101E+00   8.1678E-01
   59.5844   3.1175E+00   8.0931E-01
   60.2806   3.1248E+00   8.0181E-01
   60.9850   3.1319E+00   7.9431E-01
   61.6976   3.1388E+00   7.8679E-01
   62.4185   3.1456E+00   7.7926E-01
   63.1478   3.1523E+00   7.7173E-01
   63.8856   3.1588E+00   7.6421E-01
   64.6321   3.1651E+00   7.5668E-01
   65.3873   3.1714E+00   7.4916E-01
   66.1513   3.1774E+00   7.4166E-01
   66.9242   3.1833E+00   7.3416E-01
   67.7062   3.1891E+00   7.2669E-01
   68.4973   3.1947E+00   7.1923E-01
   69.2977   3.2003E+00   7.1180E-01
   70.1074   3.2056E+00   7.0439E-01
   70.9265   3.2109E+00   6.9701E-01
   71.7552   3.2160E+00   6.8966E-01
   72.5937   3.2209E+00   6.8234E-01
   73.4419   3.2258E+00   6.7506E-01
   74.3000   3.2305E+00   6.6782E-01
   75.1682   3.2351E+00   6.6061E-01
   76.0464   3.2396E+00   6.5344E-01
   76.9350   3.2440E+00   6.4632E-01
   77.8339   3.2482E+00   6.3923E-01
   78.7434   3.2524E+00   6.3219E-01
   79.6635   3.2564E+00   6.2520E-01
   80.5943   3.2603E+00   6.1825E-01
   81.5360   3.2642E+00   6.1136E-01
   82.4887   3.2679E+00   6.0451E-01
   83.4525   3.2715E+00   5.9772E-01
   84.4276   3.2750E+00   5.9098E-01
   85.4141   3.2784E+00   5.8430E-01
   86.4121   3.2817E+00   5.7767E-01
   87.4218   3.2850E+00   5.7109E-01
   88.4432   3.2881E+00   5.6458E-01
   89.4766   3.2911E+00   5.5812E-01
   90.5221   3.2941E+00   5.5172E-01
   91.5798   3.2970E+00   5.4538E-01
   92.6499   3.2998E+00   5.3910E-01
   93.7324   3.3025E+00   5.3289E-01
   94.8276   3.3051E+00   5.2673E-01
   95.9356   3.3077E+00   5.2064E-01
   97.0566   3.3102E+00   5.1460E-01
   98.1906   3.3126E+00   5.0864E-01
   99.3379   3.3149E+00   5.0273E-01
  100.4986   3.3172E+00   4.9689E-01
  101.6729   3.3194E+00   4.9111E-01
  102.8609   3.3215E+00   4.8540E-01
  104.0627   3.3236E+00   4.7975E-01
  105.2787   3.3257E+00   4.7417E-01
  106.5088   3.3276E+00   4.6865E-01
  107.7533   3.3296E+00   4.6320E-01
  109.0123   3.3314E+00   4.5780E-01
  110.2860   3.3333E+00   4.5247E-01
  111.5747   3.3350E+00   4.4719E-01
  112.8783   3.3368E+00   4.4197E-01
  114.1973   3.3385E+00   4.3681E-01
  115.5316   3.3401E+00   4.3171E-01
  116.8815   3.3417E+00   4.2666E-01
  118.2472   3.3432E+00   4.2166E-01
  119.6288   3.3447E+00   4.1673E-01
  121.0266   3.3462E+00   4.1185E-01
  122.4408   3.3476E+00   4.0703E-01
  123.8714   3.3490E+00   4.0226E-01
  125.3188   3.3504E+00   3.9755E-01
  126.7830   3.3517E+00   3.9290E-01
  128.2644   3.3530E+00   3.8830E-01
  129.7631   3.3542E+00   3.8375E-01
  131.2793   3.3554E+00   3.7925E-01
  132.8132   3.3566E+00   3.7481E-01
  134.3651   3.3577E+00   3.7041E-01
  135.9350   3.3589E+00   3.6607E-01
  137.5234   3.3599E+00   3.6178E-01
  139.1302   3.3610E+00   3.5754E-01
  140.7559   3.3620E+00   3.5334E-01
  142.4005   3.3630E+00   3.4920E-01
  144.0644   3.3640E+00   3.4511E-01
  145.7477   3.3650E+00   3.4107E-01
  147.4507   3.3659E+00   3.3707E-01
  149.1736   3.3668E+00   3.3312E-01
  150.9165   3.3677E+00   3.2922E-01
  152.6799   3.3685E+00   3.2536E-01
  154.4639   3.3694E+00   3.2155E-01
  156.2687   3.3702E+00   3.1778E-01
  158.0946   3.3710E+00   3.1406E-01
  159.9419   3.3717E+00   3.1038E-01
  161.8107   3.3725E+00   3.0674E-01
  163.7013   3.3732E+00   3.0314E-01
  165.6141   3.3739E+00   2.9959E-01
  167.5492   3.3746E+00   2.9608E-01
  169.5069   3.3753E+00   2.9261E-01
  171.4875   3.3759E+00   2.8918E-01
  173.4912   3.3766E+00   2.8580E-01
  175.5184   3.3772E+00   2.8245E-01
  177.5692   3.3778E+00   2.7915E-01
  179.6440   3.3784E+00   2.7589E-01
  181.7430   3.3790E+00   2.7266E-01
  183.8666   3.3795E+00   2.6948E-01
  186.0149   3.3801E+00   2.6633E-01
  188.1884   3.3806E+00   2.6322E-01
  190.3873   3.3811E+00   2.6014E-01
  192.6118   3.3816E+00   2.5710E-01
  194.8624   3.3821E+00   2.5410E-01
  197.1392   3.3826E+00   2.5113E-01
  199.4427   3.3831E+00   2.4819E-01
  201.7730   3.3835E+00   2.4530E-01
  204.1306   3.3840E+00   2.4243E-01
  206.5158   3.3844E+00   2.3961E-01
  208.9288   3.3848E+00   2.3681E-01
  211.3700   3.3852E+00   2.3405E-01
  213.8397   3.3856E+00   2.3133E-01
  216.3383   3.3860E+00   2.2863E-01
  218.8661   3.3864E+00   2.2597E-01
  221.4234   3.3868E+00   2.2334E-01
  224.0106   3.3872E+00   2.2074E-01
  226.6280   3.3875E+00   2.1817E-01
  229.2760   3.3879E+00   2.1563E-01
  231.9550   3.3882E+00   2.1312E-01
  234.6653   3.3885E+00   2.1064E-01
  237.4072   3.3889E+00   2.0820E-01
  240.1811   3.3892E+00   2.0577E-01
  242.9875   3.3895E+00   2.0338E-01
  245.8267   3.3898E+00   2.0102E-01
  248.6990   3.3901E+00   1.9868E-01
  251.6049   3.3904E+00   1.9637E-01
  254.5448   3.3907E+00   1.9409E-01
  257.5190   3.3909E+00   1.9183E-01
  260.5279   3.3912E+00   1.8961E-01
  263.5720   3.3915E+00   1.8741E-01
  266.6517   3.3917E+00   1.8523E-01
  269.7674   3.3920E+00   1.8308E-01
  272.9194   3.3922E+00   1.8095E-01
  276.1083   3.3924E+00   1.7885E-01
  279.3345   3.3927E+00   1.7677E-01
  282.5983   3.3929E+00   1.7472E-01
  285.9003   3.3931E+00   1.7269E-01
  289.2409   3.3933E+00   1.7068E-01
  292.6205   3.3936E+00   1.6870E-01
  296.0396   3.3938E+00   1.6674E-01
  299.4986   3.3940E+00   1.6480E-01
  302.9981   3.3942E+00   1.6289E-01
  306.5385   3.3943E+00   1.6100E-01
  310.1201   3.3945E+00   1.5914E-01
  313.7437   3.3947E+00   1.5729E-01
  317.4096   3.3949E+00   1.5547E-01
  321.1184   3.3951E+00   1.5367E-01
  324.8705   3.3952E+00   1.5188E-01
  328.6664   3.3954E+00   1.5012E-01
  332.5066   3.3956E+00   1.4838E-01
  336.3918   3.3957E+00   1.4665E-01
  340.3223   3.3959E+00   1.4495E-01
  344.2988   3.3960E+00   1.4327E-01
  348.3217   3.3962E+00   1.4161E-01
  352.3916   3.3963E+00   1.3996E-01
  356.5091   3.3965E+00   1.3834E-01
  360.6747   3.3966E+00   1.3673E-01
  364.8889   3.3967E+00   1.3515E-01
  369.1524   3.3969E+00   1.3358E-01
  373.4658   3.3970E+00   1.3203E-01
  377.8295   3.3971E+00   1.3049E-01
  382.2442   3.3972E+00   1.2898E-01
  386.7105   3.3974E+00   1.2748E-01
  391.2290   3.3975E+00   1.2600E-01
  395.8002   3.3976E+00   1.2454E-01
  400.4249   3.3977E+00   1.2310E-01
  405.1036   3.3978E+00   1.2167E-01
  409.8370   3.3979E+00   1.2026E-01
  414.6257   3.3980E+00   1.1887E-01
  419.4704   3.3981E+00   1.1749E-01
  424.3716   3.3982E+00   1.1613E-01
  429.3302   3.3983E+00   1.1478E-01
  434.3466   3.3984E+00   1.1345E-01
  439.4217   3.3985E+00   1.1214E-01
  444.5561   3.3986E+00   1.1084E-01
  449.7505   3.3987E+00   1.0955E-01
  455.0055   3.3987E+00   1.0828E-01
  460.3220   3.3988E+00   1.0703E-01
  465.7006   3.3989E+00   1.0579E-01
  471.1420   3.3990E+00   1.0456E-01
  476.6470   3.3991E+00   1.0335E-01
  482.2163   3.3991E+00   1.0215E-01
  487.8507   3.3992E+00   1.0097E-01
  493.5510   3.3993E+00   9.9800E-02
  499.3178   3.3993E+00   9.8645E-02
  505.1520   3.3994E+00   9.7503E-02
  511.0544   3.3995E+00   9.6374E-02
  517.0258   3.3995E+00   9.5259E-02
  523.0669   3.3996E+00   9.4156E-02
  529.1786   3.3997E+00   9.3066E-02
  535.3618   3.3997E+00   9.1989E-02
  541.6171   3.3998E+00   9.0924E-02
  547.9456   3.3998E+00   8.9872E-02
  554.3480   3.3999E+00   8.8832E-02
  560.8253   3.4000E+00   8.7804E-02
  567.3782   3.4000E+00   8.6789E-02
  574.0076   3.4001E+00   8.5784E-02
  580.7145   3.4001E+00   8.4792E-02
  587.4999   3.4002E+00   8.3811E-02
  594.3644   3.4002E+00   8.2841E-02
  601.3092   3.4003E+00   8.1883E-02
  608.3351   3.4003E+00   8.0936E-02
  615.4432   3.4003E+00   8.0000E-02
  622.6343   3.4004E+00   7.9075E-02
  629.9094   3.4004E+00   7.8161E-02
  637.2695   3.4005E+00   7.7257E-02
  644.7156   3.4005E+00   7.6364E-02
  652.2487   3.4006E+00   7.5481E-02
  659.8698   3.4006E+00   7.4609E-02
  667.5800   3.4006E+00   7.3746E-02
  675.3802   3.4007E+00   7.2893E-02
  683.2717   3.4007E+00   7.2050E-02
  691.2553   3.4007E+00   7.1217E-02
  699.3322   3.4008E+00   7.0394E-02
  707.5035   3.4008E+00   6.9579E-02
  715.7702   3.4009E+00   6.8775E-02
  724.1335   3.4009E+00   6.7979E-02
  732.5946   3.4009E+00   6.7193E-02
  741.1545   3.4009E+00   6.6417E-02
  749.8145   3.4010E+00   6.5649E-02
  758.5756   3.4010E+00   6.4890E-02
  767.4391   3.4010E+00   6.4140E-02
  776.4061   3.4011E+00   6.3399E-02
  785.4780   3.4011E+00   6.2666E-02
  794.6558   3.4011E+00   6.1941E-02
  803.9409   3.4012E+00   6.1225E-02
  813.3345   3.4012E+00   6.0517E-02
  822.8378   3.4012E+00   5.9818E-02
  832.4521   3.4012E+00   5.9126E-02
  842.1788   3.4013E+00   5.8442E-02
  852.0192   3.4013E+00   5.7766E-02
  861.9745   3.4013E+00   5.7098E-02
  872.0461   3.4013E+00   5.6438E-02
  882.2355   3.4013E+00   5.5786E-02
  892.5439   3.4014E+00   5.5141E-02
  902.9727   3.4014E+00   5.4504E-02
  913.5234   3.4014E+00   5.3874E-02
  924.1973   3.4014E+00   5.3251E-02
  934.9960   3.4014E+00   5.2636E-02
  945.9209   3.4015E+00   5.2027E-02
  956.9734   3.4015E+00   5.1426E-02
  968.1550   3.4015E+00   5.0831E-02
  979.4673   3.4015E+00   5.0244E-02
  990.9119   3.4015E+00   4.9663E-02
 1002.4901   3.4016E+00   4.9089E-02
 1014.2036   3.4016E+00   4.8522E-02
 1026.0538   3.4016E+00   4.7961E-02
 1038.0427   3.4016E+00   4.7407E-02
 1050.1716   3.4016E+00   4.6859E-02
 1062.4423   3.4016E+00   4.6317E-02
 1074.8562   3.4017E+00   4.5781E-02
 1087.4153   3.4017E+00   4.5251E-02
 1100.1211   3.4017E+00   4.4728E-02
 1112.9752   3.4017E+00   4.4210E-02
 1125.9797   3.4017E+00   4.3699E-02
 1139.1361   3.4017E+00   4.3195E-02
 1152.4463   3.4017E+00   4.2696E-02
 1165.9119   3.4017E+00   4.2203E-02
 1179.5348   3.4018E+00   4.1716E-02
 1193.3170   3.4018E+00   4.1234E-02
 1207.2601   3.4018E+00   4.0757E-02
 1221.3662   3.4018E+00   4.0286E-02
 1235.6372   3.4018E+00   3.9820E-02
 1250.0748   3.4018E+00   3.9360E-02
 1264.6813   3.4018E+00   3.8906E-02
 1279.4583   3.4018E+00   3.8456E-02
 1294.4080   3.4018E+00   3.8012E-02
 1309.5323   3.4019E+00   3.7574E-02
 1324.8334   3.4019E+00   3.7140E-02
 1340.3132   3.4019E+00   3.6712E-02
 1355.9740   3.4019E+00   3.6288E-02
 1371.8177   3.4019E+00   3.5870E-02
 1387.8467   3.4019E+00   3.5456E-02
 1404.0627   3.4019E+00   3.5047E-02
 1420.4684   3.4019E+00   3.4643E-02
 1437.0657   3.4019E+00   3.4243E-02
 1453.8569   3.4019E+00   3.3848E-02
 1470.8444   3.4019E+00   3.3458E-02
 1488.0303   3.4020E+00   3.3072E-02
 1505.4170   3.4020E+00   3.2690E-02
 1523.0070   3.4020E+00   3.2313E-02
 1540.8024   3.4020E+00   3.1940E-02
 1558.8057   3.4020E+00   3.1571E-02
 1577.0194   3.4020E+00   3.1206E-02
 1595.4459   3.4020E+00   3.0846E-02
 1614.0876   3.4020E+00   3.0490E-02
 1632.9474   3.4020E+00   3.0138E-02
 1652.0273   3.4020E+00   2.9790E-02
 1671.3302   3.4020E+00   2.9446E-02
 1690.8588   3.4020E+00   2.9107E-02
 1710.6154   3.4020E+00   2.8771E-02
 1730.6029   3.4020E+00   2.8439E-02
 1750.8240   3.4021E+00   2.8111E-02
 1771.2812   3.4021E+00   2.7786E-02
 1791.9777   3.4021E+00   2.7466E-02
 1812.9158   3.4021E+00   2.7149E-02
 1834.0986   3.4021E+00   2.6835E-02
 1855.5289   3.4021E+00   2.6525E-02
 1877.2097   3.4021E+00   2.6219E-02
 1899.1437   3.4021E+00   2.5917E-02
 1921.3341   3.4021E+00   2.5618E-02
 1943.7837   3.4021E+00   2.5322E-02
 1966.4956   3.4021E+00   2.5030E-02
 1989.4729   3.4021E+00   2.4741E-02
 2012.7188   3.4021E+00   2.4455E-02
 2036.2361   3.4021E+00   2.4173E-02
 2060.0283   3.4021E+00   2.3894E-02
 2084.0984   3.4021E+00   2.3618E-02
 2108.4500   3.4021E+00   2.3345E-02
 2133.0859   3.4021E+00   2.3075E-02
 2158.0098   3.4021E+00   2.2809E-02
 2183.2246   3.4021E+00   2.2546E-02
 2208.7344   3.4021E+00   2.2285E-02
 2234.5420   3.4022E+00   2.2028E-02
 2260.6514   3.4022E+00   2.1774E-02
 2287.0657   3.4022E+00   2.1522E-02
 2313.7886   3.4022E+00   2.1274E-02
 2340.8237   3.4022E+00   2.1028E-02
 2368.1750   3.4022E+00   2.0785E-02
 2395.8457   3.4022E+00   2.0545E-02
 2423.8396   3.4022E+00   2.0308E-02
 2452.1606   3.4022E+00   2.0073E-02
 2480.8127   3.4022E+00   1.9841E-02
 2509.7996   3.4022E+00   1.9612E-02
 2539.1250   3.4022E+00   1.9386E-02
 2568.7932   3.4022E+00   1.9162E-02
 2598.8079   3.4022E+00   1.8941E-02
 2629.1733   3.4022E+00   1.8722E-02
 2659.8938   3.4022E+00   1.8506E-02
 2690.9729   3.4022E+00   1.8292E-02
 2722.4153   3.4022E+00   1.8081E-02
 2754.2251   3.4022E+00   1.7872E-02
 2786.4065   3.4022E+00   1.7666E-02
 2818.9641   3.4022E+00   1.7461E-02
 2851.9019   3.4022E+00   1.7260E-02
 2885.2246   3.4022E+00   1.7060E-02
 2918.9368   3.4022E+00   1.6863E-02
 2953.0427   3.4022E+00   1.6668E-02
 2987.5474   3.4022E+00   1.6476E-02
 3022.4551   3.4022E+00   1.6285E-02
 3057.7705   3.4022E+00   1.6097E-02
 3093.4988   3.4022E+00   1.5911E-02
 3129.6443   3.4022E+00   1.5728E-02
 3166.2124   3.4022E+00   1.5546E-02
 3203.2075   3.4022E+00   1.5366E-02
 3240.6353   3.4022E+00   1.5189E-02
 3278.5000   3.4022E+00   1.5014E-02
 3316.8074   3.4022E+00   1.4840E-02
 3355.5623   3.4022E+00   1.4669E-02
 3394.7698   3.4022E+00   1.4499E-02
 3434.4358   3.4022E+00   1.4332E-02
 3474.5649   3.4022E+00   1.4166E-02
 3515.1631   3.4022E+00   1.4003E-02
 3556.2358   3.4022E+00   1.3841E-02
 3597.7881   3.4023E+00   1.3681E-02
 3639.8262   3.4023E+00   1.3523E-02
 3682.3552   3.4023E+00   1.3367E-02
 3725.3813   3.4023E+00   1.3213E-02
 3768.9102   3.4023E+00   1.3060E-02
 3812.9478   3.4023E+00   1.2909E-02
 3857.4995   3.4023E+00   1.2760E-02
 3902.5723   3.4023E+00   1.2613E-02
 3948.1714   3.4023E+00   1.2467E-02
 3994.3032   3.4023E+00   1.2323E-02
 4040.9744   3.4023E+00   1.2181E-02
 4088.1907   3.4023E+00   1.2040E-02
 4135.9585   3.4023E+00   1.1901E-02
 4184.2847   3.4023E+00   1.1764E-02
 4233.1758   3.4023E+00   1.1628E-02
 4282.6377   3.4023E+00   1.1493E-02
 4332.6777   3.4023E+00   1.1361E-02
 4383.3027   3.4023E+00   1.1229E-02
 4434.5186   3.4023E+00   1.1100E-02
 4486.3335   3.4023E+00   1.0972E-02
 4538.7534   3.4023E+00   1.0845E-02
 4591.7861   3.4023E+00   1.0720E-02
 4645.4385   3.4023E+00   1.0596E-02
 4699.7173   3.4023E+00   1.0473E-02
 4754.6309   3.4023E+00   1.0352E-02
 4810.1855   3.4023E+00   1.0233E-02
 4866.3896   3.4023E+00   1.0115E-02
 4923.2505   3.4023E+00   9.9979E-03
 4980.7759   3.4023E+00   9.8824E-03
 5038.9731   3.4023E+00   9.7682E-03
 5097.8506   3.4023E+00   9.6554E-03
 5157.4160   3.4023E+00   9.5439E-03
 5217.6772   3.4023E+00   9.4337E-03
 5278.6426   3.4023E+00   9.3247E-03
 5340.3203   3.4023E+00   9.2170E-03
 5402.7188   3.4023E+00   9.1106E-03
 5465.8462   3.4023E+00   9.0054E-03
 5529.7109   3.4023E+00   8.9014E-03
 5594.3223   3.4023E+00   8.7986E-03
 5659.6890   3.4023E+00   8.6969E-03
 5725.8188   3.4023E+00   8.5965E-03
 5792.7217   3.4023E+00   8.4972E-03
 5860.4058   3.4023E+00   8.3991E-03
 5928.8813   3.4023E+00   8.3021E-03
 5998.1567   3.4023E+00   8.2062E-03
 6068.2412   3.4023E+00   8.1114E-03
 6139.1450   3.4023E+00   8.0177E-03
 6210.8774   3.4023E+00   7.9251E-03
 6283.4478   3.4023E+00   7.8336E-03
 6356.8657   3.4023E+00   7.7431E-03
 6431.1421   3.4023E+00   7.6537E-03
 6506.2861   3.4023E+00   7.5653E-03
 6582.3081   3.4023E+00   7.4779E-03
 6659.2183   3.4023E+00   7.3915E-03
 6737.0273   3.4023E+00   7.3062E-03
 6815.7451   3.4023E+00   7.2218E-03
 6895.3833   3.4023E+00   7.1384E-03
 6975.9517   3.4023E+00   7.0559E-03
 7057.4614   3.4023E+00   6.9745E-03
 7139.9233   3.4023E+00   6.8939E-03
 7223.3491   3.4023E+00   6.8143E-03
 7307.7495   3.4023E+00   6.7356E-03
 7393.1362   3.4023E+00   6.6578E-03
 7479.5205   3.4023E+00   6.5809E-03
 7566.9141   3.4023E+00   6.5049E-03
 7655.3291   3.4023E+00   6.4298E-03
 7744.7769   3.4023E+00   6.3555E-03
 7835.2700   3.4023E+00   6.2821E-03
 7926.8203   3.4023E+00   6.2095E-03
 8019.4404   3.4023E+00   6.1378E-03
 8113.1426   3.4023E+00   6.0669E-03
 8207.9395   3.4023E+00   5.9969E-03
 8303.8447   3.4023E+00   5.9276E-03
 8400.8701   3.4023E+00   5.8591E-03
 8499.0293   3.4023E+00   5.7915E-03
 8598.3350   3.4023E+00   5.7246E-03
 8698.8008   3.4023E+00   5.6585E-03
 8800.4414   3.4023E+00   5.5931E-03
 8903.2695   3.4023E+00   5.5285E-03
 9007.2988   3.4023E+00   5.4647E-03
 9112.5430   3.4023E+00   5.4016E-03
 9219.0176   3.4023E+00   5.3392E-03
 9326.7363   3.4023E+00   5.2775E-03
 9435.7139   3.4023E+00   5.2166E-03
 9545.9648   3.4023E+00   5.1563E-03
 9657.5029   3.4023E+00   5.0968E-03
 9770.3447   3.4023E+00   5.0379E-03
 9884.5059   3.4023E+00   4.9797E-03
10000.0000   3.4023E+00   4.9222E-03