    0.0912   9.6262E-01   1.2904E+00   1.5763E+00   1.4205E+00
    0.0923   9.9030E-01   1.3332E+00   1.6324E+00   1.4017E+00
    0.0933   1.0244E+00   1.3775E+00   1.6904E+00   1.3819E+00
    0.0944   1.0650E+00   1.4231E+00   1.7504E+00   1.3612E+00
    0.0955   1.1125E+00   1.4703E+00   1.8123E+00   1.3394E+00
    0.0967   1.1960E+00   1.5325E+00   1.9179E+00   1.3777E+00
    0.0978   1.2520E+00   1.5800E+00   1.9758E+00   1.3415E+00
    0.0989   1.3113E+00   1.6271E+00   2.0299E+00   1.2955E+00
    0.1001   1.3742E+00   1.6738E+00   2.0801E+00   1.2391E+00
    0.1013   1.4406E+00   1.7200E+00   2.1262E+00   1.1722E+00
    0.1024   1.5107E+00   1.7658E+00   2.1681E+00   1.0943E+00
    0.1036   1.5460E+00   1.8418E+00   2.2228E+00   9.8200E-01
    0.1048   1.6561E+00   1.8610E+00   2.2414E+00   9.0039E-01
    0.1061   1.7937E+00   1.8609E+00   2.2449E+00   8.2069E-01
    0.1073   1.9596E+00   1.8410E+00   2.2328E+00   7.4299E-01
    0.1086   2.3367E+00   1.8056E+00   2.1620E+00   6.5070E-01
    0.1098   2.4996E+00   1.7422E+00   2.1316E+00   5.8306E-01
    0.1111   2.6247E+00   1.6549E+00   2.1001E+00   5.2406E-01
    0.1124   2.7106E+00   1.5429E+00   2.0673E+00   4.7402E-01
    0.1137   2.7559E+00   1.4053E+00   2.0334E+00   4.3328E-01
    0.1151   2.6398E+00   1.0909E+00   1.9916E+00   4.2847E-01
    0.1164   2.6318E+00   9.4030E-01   1.9569E+00   4.0022E-01
    0.1178   2.6158E+00   8.0797E-01   1.9229E+00   3.7419E-01
    0.1191   2.5914E+00   6.9463E-01   1.8896E+00   3.5044E-01
    0.1205   2.5584E+00   6.0099E-01   1.8571E+00   3.2906E-01
    0.1219   2.4904E+00   5.6291E-01   1.8285E+00   3.1297E-01
    0.1234   2.4461E+00   5.0146E-01   1.7969E+00   2.9587E-01
    0.1248   2.4012E+00   4.4976E-01   1.7650E+00   2.8046E-01
    0.1263   2.3557E+00   4.0819E-01   1.7329E+00   2.6679E-01
    0.1277   2.3094E+00   3.7742E-01   1.7006E+00   2.5494E-01
    0.1292   2.2689E+00   3.5229E-01   1.6676E+00   2.4477E-01
    0.1307   2.2312E+00   3.3039E-01   1.6346E+00   2.3703E-01
    0.1323   2.1958E+00   3.1201E-01   1.6015E+00   2.3222E-01
    0.1338   2.1638E+00   2.9568E-01   1.5689E+00   2.2895E-01
    0.1354   2.1360E+00   2.8207E-01   1.5367E+00   2.2751E-01
    0.1370   2.1092E+00   2.6918E-01   1.5050E+00   2.2742E-01
    0.1386   2.0839E+00   2.5767E-01   1.4737E+00   2.2893E-01
    0.1402   2.0597E+00   2.4517E-01   1.4425E+00   2.3132E-01
    0.1418   2.0363E+00   2.3338E-01   1.4113E+00   2.3512E-01
    0.1435   2.0126E+00   2.2284E-01   1.3800E+00   2.4046E-01
    0.1451   1.9885E+00   2.1344E-01   1.3487E+00   2.4730E-01
    0.1468   1.9647E+00   2.0553E-01   1.3179E+00   2.5616E-01
    0.1486   1.9411E+00   1.9929E-01   1.2878E+00   2.6758E-01
    0.1503   1.9173E+00   1.9480E-01   1.2587E+00   2.7951E-01
    0.1520   1.8934E+00   1.9212E-01   1.2306E+00   2.9245E-01
    0.1538   1.8703E+00   1.9076E-01   1.2032E+00   3.0694E-01
    0.1556   1.8486E+00   1.9202E-01   1.1754E+00   3.2150E-01
    0.1574   1.8286E+00   1.9599E-01   1.1473E+00   3.3615E-01
    0.1593   1.8101E+00   2.0380E-01   1.1189E+00   3.5021E-01
    0.1611   1.7943E+00   2.1011E-01   1.0897E+00   3.6722E-01
    0.1630   1.7820E+00   2.1838E-01   1.0592E+00   3.8527E-01
    0.1649   1.7704E+00   2.2496E-01   1.0290E+00   4.0605E-01
    0.1669   1.7602E+00   2.3074E-01   9.9866E-01   4.2924E-01
    0.1688   1.7521E+00   2.3567E-01   9.6789E-01   4.5502E-01
    0.1708   1.7438E+00   2.3980E-01   9.3821E-01   4.8303E-01
    0.1728   1.7361E+00   2.4306E-01   9.0921E-01   5.1347E-01
    0.1748   1.7289E+00   2.4543E-01   8.8092E-01   5.4641E-01
    0.1768   1.7260E+00   2.4536E-01   8.5145E-01   5.8274E-01
    0.1789   1.7178E+00   2.4667E-01   8.2572E-01   6.2051E-01
    0.1810   1.7088E+00   2.4762E-01   8.0159E-01   6.6071E-01
    0.1831   1.6988E+00   2.4819E-01   7.7911E-01   7.0340E-01
    0.1852   1.6867E+00   2.4350E-01   7.5645E-01   7.5207E-01
    0.1874   1.6749E+00   2.4436E-01   7.3792E-01   7.9924E-01
    0.1896   1.6625E+00   2.4667E-01   7.2199E-01   8.4783E-01
    0.1918   1.6494E+00   2.5048E-01   7.0873E-01   8.9789E-01
    0.1941   1.6357E+00   2.5585E-01   6.9827E-01   9.4946E-01
    0.1963   1.6186E+00   2.6328E-01   6.9332E-01   1.0047E+00
    0.1986   1.6047E+00   2.7168E-01   6.8748E-01   1.0584E+00
    0.2009   1.5913E+00   2.8158E-01   6.8352E-01   1.1127E+00
    0.2033   1.5785E+00   2.9303E-01   6.8151E-01   1.1678E+00
    0.2057   1.5635E+00   3.0635E-01   6.8303E-01   1.2206E+00
    0.2081   1.5526E+00   3.2096E-01   6.8460E-01   1.2781E+00
    0.2105   1.5435E+00   3.3716E-01   6.8760E-01   1.3377E+00
    0.2130   1.5366E+00   3.5551E-01   6.9156E-01   1.3996E+00
    0.2154   1.5303E+00   3.7257E-01   7.0011E-01   1.4629E+00
    0.2180   1.5247E+00   3.8849E-01   7.1352E-01   1.5279E+00
    0.2205   1.5185E+00   4.0301E-01   7.3461E-01   1.5939E+00
    0.2231   1.5118E+00   4.1908E-01   7.5932E-01   1.6598E+00
    0.2257   1.5051E+00   4.3688E-01   7.8737E-01   1.7259E+00
    0.2283   1.5006E+00   4.6048E-01   8.1376E-01   1.7891E+00
    0.2310   1.4985E+00   4.8460E-01   8.4524E-01   1.8549E+00
    0.2337   1.4987E+00   5.0958E-01   8.8144E-01   1.9233E+00
    0.2364   1.5023E+00   5.3432E-01   9.2643E-01   1.9915E+00
    0.2392   1.5077E+00   5.5826E-01   9.8064E-01   2.0588E+00
    0.2420   1.5149E+00   5.8149E-01   1.0427E+00   2.1234E+00
    0.2448   1.5238E+00   6.0426E-01   1.1104E+00   2.1826E+00
    0.2477   1.5355E+00   6.2659E-01   1.1868E+00   2.2368E+00
    0.2506   1.5467E+00   6.4823E-01   1.2633E+00   2.2842E+00
    0.2535   1.5590E+00   6.6926E-01   1.3438E+00   2.3251E+00
    0.2565   1.5711E+00   6.8883E-01   1.4283E+00   2.3596E+00
    0.2594   1.5874E+00   7.1005E-01   1.5169E+00   2.3869E+00
    0.2625   1.6064E+00   7.3180E-01   1.6097E+00   2.4070E+00
    0.2655   1.6285E+00   7.5539E-01   1.7086E+00   2.4209E+00
    0.2686   1.6526E+00   7.7378E-01   1.8046E+00   2.4206E+00
    0.2718   1.6803E+00   7.8996E-01   1.9068E+00   2.4080E+00
    0.2750   1.7080E+00   8.0256E-01   1.9946E+00   2.3853E+00
    0.2782   1.7366E+00   8.1169E-01   2.0726E+00   2.3510E+00
    0.2814   1.7649E+00   8.1851E-01   2.1423E+00   2.3112E+00
    0.2847   1.7929E+00   8.2268E-01   2.2029E+00   2.2641E+00
    0.2880   1.8205E+00   8.2524E-01   2.2546E+00   2.2206E+00
    0.2914   1.8477E+00   8.2574E-01   2.2963E+00   2.1775E+00
    0.2948   1.8743E+00   8.2492E-01   2.3369E+00   2.1369E+00
    0.2983   1.9002E+00   8.2202E-01   2.3728E+00   2.1000E+00
    0.3017   1.9257E+00   8.1825E-01   2.4056E+00   2.0621E+00
    0.3053   1.9507E+00   8.1316E-01   2.4347E+00   2.0247E+00
    0.3088   1.9755E+00   8.0695E-01   2.4597E+00   1.9877E+00
    0.3124   1.9981E+00   7.9811E-01   2.4813E+00   1.9519E+00
    0.3161   2.0189E+00   7.8613E-01   2.4987E+00   1.9166E+00
    0.3198   2.0385E+00   7.7485E-01   2.5138E+00   1.8838E+00
    0.3235   2.0565E+00   7.6325E-01   2.5254E+00   1.8531E+00
    0.3273   2.0734E+00   7.5129E-01   2.5354E+00   1.8245E+00
    0.3311   2.0890E+00   7.3893E-01   2.5425E+00   1.7978E+00
    0.3350   2.1033E+00   7.2629E-01   2.5490E+00   1.7735E+00
    0.3389   2.1163E+00   7.1336E-01   2.5545E+00   1.7518E+00
    0.3429   2.1282E+00   7.0000E-01   2.5589E+00   1.7331E+00
    0.3469   2.1372E+00   6.8698E-01   2.5629E+00   1.7154E+00
    0.3509   2.1419E+00   6.7192E-01   2.5654E+00   1.6995E+00
    0.3550   2.1489E+00   6.6197E-01   2.5691E+00   1.6854E+00
    0.3592   2.1565E+00   6.5532E-01   2.5732E+00   1.6732E+00
    0.3634   2.1645E+00   6.5384E-01   2.5780E+00   1.6635E+00
    0.3676   2.1735E+00   6.4837E-01   2.5826E+00   1.6532E+00
    0.3719   2.1835E+00   6.4222E-01   2.5874E+00   1.6435E+00
    0.3763   2.1956E+00   6.3475E-01   2.5926E+00   1.6345E+00
    0.3807   2.2065E+00   6.2764E-01   2.5975E+00   1.6259E+00
    0.3851   2.2175E+00   6.2020E-01   2.6024E+00   1.6178E+00
    0.3896   2.2287E+00   6.1242E-01   2.6073E+00   1.6103E+00
    0.3942   2.2406E+00   6.0512E-01   2.6121E+00   1.6038E+00
    0.3988   2.2517E+00   5.9603E-01   2.6169E+00   1.5972E+00
    0.4034   2.2626E+00   5.8607E-01   2.6217E+00   1.5909E+00
    0.4081   2.2733E+00   5.7522E-01   2.6265E+00   1.5851E+00
    0.4129   2.2839E+00   5.6344E-01   2.6312E+00   1.5796E+00
    0.4177   2.2942E+00   5.5071E-01   2.6359E+00   1.5745E+00
    0.4226   2.3072E+00   5.2807E-01   2.6403E+00   1.5713E+00
    0.4275   2.3167E+00   5.1448E-01   2.6449E+00   1.5669E+00
    0.4325   2.3257E+00   5.0098E-01   2.6495E+00   1.5628E+00
    0.4376   2.3340E+00   4.8757E-01   2.6541E+00   1.5590E+00
    0.4427   2.3417E+00   4.7428E-01   2.6587E+00   1.5555E+00
    0.4479   2.3488E+00   4.6109E-01   2.6633E+00   1.5523E+00
    0.4531   2.3551E+00   4.4802E-01   2.6678E+00   1.5495E+00
    0.4584   2.3608E+00   4.3509E-01   2.6723E+00   1.5470E+00
    0.4638   2.3657E+00   4.2228E-01   2.6768E+00   1.5448E+00
    0.4692   2.3698E+00   4.0963E-01   2.6812E+00   1.5430E+00
    0.4747   2.3731E+00   3.9712E-01   2.6857E+00   1.5416E+00
    0.4802   2.3756E+00   3.8478E-01   2.6900E+00   1.5406E+00
    0.4858   2.3772E+00   3.7261E-01   2.6944E+00   1.5399E+00
    0.4915   2.3780E+00   3.6062E-01   2.6987E+00   1.5397E+00
    0.4972   2.3384E+00   3.4908E-01   2.6975E+00   1.5514E+00
    0.5031   2.3381E+00   3.3748E-01   2.7019E+00   1.5519E+00
    0.5089   2.3376E+00   3.2608E-01   2.7063E+00   1.5526E+00
    0.5149   2.3371E+00   3.1490E-01   2.7108E+00   1.5535E+00
    0.5209   2.3364E+00   3.0394E-01   2.7153E+00   1.5546E+00
    0.5270   2.3357E+00   2.9322E-01   2.7200E+00   1.5559E+00
    0.5331   2.3349E+00   2.8274E-01   2.7247E+00   1.5575E+00
    0.5394   2.3339E+00   2.7253E-01   2.7296E+00   1.5593E+00
    0.5457   2.3329E+00   2.6258E-01   2.7345E+00   1.5614E+00
    0.5520   2.3317E+00   2.5293E-01   2.7395E+00   1.5637E+00
    0.5585   2.3305E+00   2.4356E-01   2.7446E+00   1.5663E+00
    0.5650   2.3291E+00   2.3451E-01   2.7498E+00   1.5692E+00
    0.5716   2.3276E+00   2.2578E-01   2.7551E+00   1.5724E+00
    0.5783   2.3260E+00   2.1739E-01   2.7605E+00   1.5758E+00
    0.5851   2.3243E+00   2.0935E-01   2.7660E+00   1.5796E+00
    0.5919   2.3224E+00   2.0168E-01   2.7716E+00   1.5837E+00
    0.5988   2.3204E+00   1.9439E-01   2.7773E+00   1.5881E+00
    0.6058   2.3183E+00   1.8749E-01   2.7831E+00   1.5928E+00
    0.6129   2.3160E+00   1.8101E-01   2.7890E+00   1.5979E+00
    0.6201   2.3136E+00   1.7496E-01   2.7950E+00   1.6034E+00
    0.6273   2.3021E+00   1.8960E-01   2.7999E+00   1.6243E+00
    0.6346   2.2995E+00   1.8415E-01   2.8061E+00   1.6303E+00
    0.6420   2.2969E+00   1.7878E-01   2.8126E+00   1.6364E+00
    0.6495   2.2944E+00   1.7350E-01   2.8191E+00   1.6425E+00
    0.6571   2.2918E+00   1.6832E-01   2.8258E+00   1.6488E+00
    0.6648   2.2893E+00   1.6323E-01   2.8327E+00   1.6551E+00
    0.6726   2.2867E+00   1.5825E-01   2.8397E+00   1.6616E+00
    0.6804   2.2842E+00   1.5337E-01   2.8469E+00   1.6681E+00
    0.6884   2.2817E+00   1.4861E-01   2.8543E+00   1.6748E+00
    0.6964   2.2792E+00   1.4396E-01   2.8618E+00   1.6815E+00
    0.7046   2.2768E+00   1.3944E-01   2.8695E+00   1.6884E+00
    0.7128   2.2744E+00   1.3504E-01   2.8773E+00   1.6954E+00
    0.7211   2.2719E+00   1.3079E-01   2.8854E+00   1.7025E+00
    0.7296   2.2696E+00   1.2667E-01   2.8936E+00   1.7097E+00
    0.7381   2.2672E+00   1.2270E-01   2.9020E+00   1.7170E+00
    0.7467   2.2649E+00   1.1888E-01   2.9106E+00   1.7245E+00
    0.7554   2.2626E+00   1.1523E-01   2.9195E+00   1.7321E+00
    0.7643   2.2604E+00   1.1174E-01   2.9285E+00   1.7398E+00
    0.7732   2.2581E+00   1.0842E-01   2.9377E+00   1.7476E+00
    0.7822   2.2560E+00   1.0528E-01   2.9471E+00   1.7555E+00
    0.7914   2.2538E+00   1.0233E-01   2.9568E+00   1.7636E+00
    0.8006   2.2534E+00   1.0969E-01   2.9747E+00   1.7786E+00
    0.8100   2.2514E+00   1.0704E-01   2.9847E+00   1.7869E+00
    0.8194   2.2493E+00   1.0442E-01   2.9948E+00   1.7952E+00
    0.8290   2.2473E+00   1.0183E-01   3.0050E+00   1.8035E+00
    0.8387   2.2452E+00   9.9271E-02   3.0153E+00   1.8118E+00
    0.8485   2.2432E+00   9.6748E-02   3.0256E+00   1.8201E+00
    0.8584   2.2412E+00   9.4260E-02   3.0361E+00   1.8284E+00
    0.8684   2.2392E+00   9.1811E-02   3.0467E+00   1.8368E+00
    0.8786   2.2373E+00   8.9402E-02   3.0573E+00   1.8451E+00
    0.8888   2.2353E+00   8.7036E-02   3.0680E+00   1.8535E+00
    0.8992   2.2334E+00   8.4714E-02   3.0789E+00   1.8618E+00
    0.9097   2.2315E+00   8.2439E-02   3.0898E+00   1.8701E+00
    0.9204   2.2297E+00   8.0213E-02   3.1008E+00   1.8785E+00
    0.9311   2.2278E+00   7.8038E-02   3.1119E+00   1.8868E+00
    0.9420   2.2260E+00   7.5917E-02   3.1230E+00   1.8951E+00
    0.9530   2.2242E+00   7.3852E-02   3.1343E+00   1.9034E+00
    0.9641   2.2225E+00   7.1847E-02   3.1457E+00   1.9117E+00
    0.9754   2.2208E+00   6.9902E-02   3.1572E+00   1.9200E+00
    0.9868   2.2191E+00   6.8022E-02   3.1687E+00   1.9282E+00
    0.9983   2.2175E+00   6.6209E-02   3.1804E+00   1.9364E+00
    1.0100   2.2158E+00   6.4466E-02   3.1921E+00   1.9446E+00
    1.0218   2.2143E+00   6.2796E-02   3.2039E+00   1.9528E+00
    1.0337   2.2128E+00   6.1202E-02   3.2158E+00   1.9609E+00
    1.0458   2.2113E+00   5.9686E-02   3.2278E+00   1.9690E+00
    1.0580   2.2099E+00   5.8253E-02   3.2400E+00   1.9771E+00
    1.0704   2.2085E+00   5.6906E-02   3.2521E+00   1.9851E+00
    1.0829   2.2109E+00   6.2783E-02   3.2691E+00   1.9833E+00
    1.0956   2.2095E+00   6.1532E-02   3.2814E+00   1.9914E+00
    1.1084   2.2082E+00   6.0301E-02   3.2937E+00   1.9994E+00
    1.1213   2.2069E+00   5.9089E-02   3.3061E+00   2.0075E+00
    1.1344   2.2056E+00   5.7899E-02   3.3186E+00   2.0157E+00
    1.1477   2.2044E+00   5.6731E-02   3.3311E+00   2.0239E+00
    1.1611   2.2031E+00   5.5586E-02   3.3436E+00   2.0321E+00
    1.1746   2.2019E+00   5.4466E-02   3.3561E+00   2.0404E+00
    1.1884   2.2007E+00   5.3371E-02   3.3687E+00   2.0487E+00
    1.2023   2.1995E+00   5.2303E-02   3.3813E+00   2.0571E+00
    1.2163   2.1983E+00   5.1263E-02   3.3939E+00   2.0655E+00
    1.2305   2.1972E+00   5.0253E-02   3.4066E+00   2.0740E+00
    1.2449   2.1961E+00   4.9273E-02   3.4192E+00   2.0825E+00
    1.2594   2.1950E+00   4.8325E-02   3.4319E+00   2.0910E+00
    1.2742   2.1939E+00   4.7411E-02   3.4446E+00   2.0996E+00
    1.2890   2.1929E+00   4.6531E-02   3.4573E+00   2.1082E+00
    1.3041   2.1919E+00   4.5688E-02   3.4700E+00   2.1169E+00
    1.3193   2.1909E+00   4.4883E-02   3.4827E+00   2.1256E+00
    1.3348   2.1900E+00   4.4117E-02   3.4954E+00   2.1343E+00
    1.3504   2.1890E+00   4.3392E-02   3.5081E+00   2.1430E+00
    1.3661   2.1887E+00   4.3372E-02   3.5212E+00   2.1512E+00
    1.3821   2.1878E+00   4.2695E-02   3.5339E+00   2.1601E+00
    1.3982   2.1869E+00   4.2033E-02   3.5465E+00   2.1690E+00
    1.4146   2.1861E+00   4.1384E-02   3.5591E+00   2.1779E+00
    1.4311   2.1852E+00   4.0751E-02   3.5717E+00   2.1870E+00
    1.4478   2.1844E+00   4.0133E-02   3.5842E+00   2.1961E+00
    1.4647   2.1836E+00   3.9533E-02   3.5967E+00   2.2052E+00
    1.4819   2.1828E+00   3.8949E-02   3.6090E+00   2.2144E+00
    1.4992   2.1821E+00   3.8383E-02   3.6214E+00   2.2237E+00
    1.5167   2.1813E+00   3.7837E-02   3.6336E+00   2.2330E+00
    1.5344   2.1806E+00   3.7310E-02   3.6458E+00   2.2424E+00
    1.5523   2.1799E+00   3.6804E-02   3.6579E+00   2.2518E+00
    1.5705   2.1794E+00   3.6493E-02   3.6675E+00   2.2606E+00
    1.5888   2.1787E+00   3.6013E-02   3.6797E+00   2.2703E+00
    1.6074   2.1780E+00   3.5541E-02   3.6919E+00   2.2800E+00
    1.6262   2.1773E+00   3.5080E-02   3.7043E+00   2.2898E+00
    1.6452   2.1767E+00   3.4630E-02   3.7167E+00   2.2997E+00
    1.6644   2.1760E+00   3.4190E-02   3.7293E+00   2.3098E+00
    1.6838   2.1754E+00   3.3762E-02   3.7419E+00   2.3199E+00
    1.7035   2.1747E+00   3.3346E-02   3.7547E+00   2.3302E+00
    1.7234   2.1741E+00   3.2943E-02   3.7675E+00   2.3405E+00
    1.7436   2.1735E+00   3.2553E-02   3.7804E+00   2.3510E+00
    1.7639   2.1729E+00   3.2177E-02   3.7934E+00   2.3616E+00
    1.7845   2.1724E+00   3.1965E-02   3.8080E+00   2.3727E+00
    1.8054   2.1718E+00   3.1611E-02   3.8211E+00   2.3835E+00
    1.8265   2.1712E+00   3.1266E-02   3.8342E+00   2.3944E+00
    1.8478   2.1706E+00   3.0928E-02   3.8474E+00   2.4054E+00
    1.8694   2.1701E+00   3.0598E-02   3.8605E+00   2.4165E+00
    1.8913   2.1695E+00   3.0277E-02   3.8737E+00   2.4277E+00
    1.9134   2.1690E+00   2.9965E-02   3.8869E+00   2.4390E+00
    1.9357   2.1684E+00   2.9663E-02   3.9000E+00   2.4504E+00
    1.9583   2.1679E+00   2.9370E-02   3.9132E+00   2.4619E+00
    1.9812   2.1674E+00   2.9087E-02   3.9263E+00   2.4735E+00
    2.0044   2.1669E+00   2.8815E-02   3.9394E+00   2.4852E+00
    2.0278   2.1664E+00   2.8597E-02   3.9511E+00   2.4968E+00
    2.0515   2.1659E+00   2.8344E-02   3.9643E+00   2.5087E+00
    2.0755   2.1654E+00   2.8097E-02   3.9777E+00   2.5207E+00
    2.0997   2.1649E+00   2.7859E-02   3.9911E+00   2.5329E+00
    2.1242   2.1645E+00   2.7629E-02   4.0046E+00   2.5451E+00
    2.1491   2.1640E+00   2.7408E-02   4.0183E+00   2.5575E+00
    2.1742   2.1636E+00   2.7200E-02   4.0322E+00   2.5700E+00
    2.1996   2.1631E+00   2.6993E-02   4.0459E+00   2.5825E+00
    2.2253   2.1627E+00   2.6792E-02   4.0597E+00   2.5951E+00
    2.2513   2.1622E+00   2.6596E-02   4.0734E+00   2.6078E+00
    2.2776   2.1618E+00   2.6406E-02   4.0871E+00   2.6205E+00
    2.3042   2.1614E+00   2.6223E-02   4.1008E+00   2.6333E+00
    2.3311   2.1610E+00   2.6060E-02   4.1143E+00   2.6448E+00
    2.3584   2.1606E+00   2.5888E-02   4.1280E+00   2.6579E+00
    2.3859   2.1602E+00   2.5721E-02   4.1417E+00   2.6712E+00
    2.4138   2.1598E+00   2.5560E-02   4.1553E+00   2.6847E+00
    2.4420   2.1593E+00   2.5405E-02   4.1690E+00   2.6985E+00
    2.4705   2.1589E+00   2.5256E-02   4.1827E+00   2.7125E+00
    2.4994   2.1585E+00   2.5114E-02   4.1963E+00   2.7267E+00
    2.5286   2.1578E+00   2.4987E-02   4.2085E+00   2.7411E+00
    2.5581   2.1575E+00   2.4856E-02   4.2224E+00   2.7558E+00
    2.5880   2.1571E+00   2.4730E-02   4.2365E+00   2.7709E+00
    2.6183   2.1570E+00   2.4609E-02   4.2511E+00   2.7864E+00
    2.6489   2.1562E+00   2.4499E-02   4.2652E+00   2.8011E+00
    2.6798   2.1560E+00   2.4390E-02   4.2807E+00   2.8164E+00
    2.7111   2.1556E+00   2.4298E-02   4.2954E+00   2.8316E+00
    2.7428   2.1552E+00   2.4203E-02   4.3106E+00   2.8465E+00
    2.7749   2.1549E+00   2.4109E-02   4.3261E+00   2.8622E+00
    2.8073   2.1543E+00   2.4024E-02   4.3410E+00   2.8772E+00
    2.8401   2.1540E+00   2.3941E-02   4.3563E+00   2.8928E+00
    2.8733   2.1536E+00   2.3868E-02   4.3711E+00   2.9078E+00
    2.9068   2.1533E+00   2.3796E-02   4.3871E+00   2.9232E+00
    2.9408   2.1528E+00   2.3733E-02   4.4020E+00   2.9385E+00
    2.9752   2.1525E+00   2.3670E-02   4.4176E+00   2.9535E+00
    3.0099   2.1518E+00   2.3614E-02   4.4334E+00   2.9691E+00
    3.0451   2.1515E+00   2.3563E-02   4.4480E+00   2.9843E+00
    3.0807   2.1511E+00   2.3518E-02   4.4630E+00   3.0005E+00
    3.1167   2.1507E+00   2.3477E-02   4.4777E+00   3.0161E+00
    3.1531   2.1503E+00   2.3438E-02   4.4931E+00   3.0325E+00
    3.1899   2.1499E+00   2.3407E-02   4.5084E+00   3.0494E+00
    3.2272   2.1495E+00   2.3378E-02   4.5238E+00   3.0663E+00
    3.2649   2.1490E+00   2.3353E-02   4.5397E+00   3.0829E+00
    3.3031   2.1487E+00   2.3334E-02   4.5551E+00   3.1006E+00
    3.3416   2.1480E+00   2.3320E-02   4.5712E+00   3.1175E+00
    3.3807   2.1476E+00   2.3308E-02   4.5871E+00   3.1347E+00
    3.4202   2.1472E+00   2.3301E-02   4.6029E+00   3.1517E+00
    3.4602   2.1469E+00   2.3298E-02   4.6189E+00   3.1688E+00
    3.5006   2.1465E+00   2.3300E-02   4.6350E+00   3.1861E+00
    3.5415   2.1460E+00   2.3309E-02   4.6521E+00   3.2037E+00
    3.5829   2.1455E+00   2.3321E-02   4.6683E+00   3.2212E+00
    3.6247   2.1451E+00   2.3337E-02   4.6845E+00   3.2387E+00
    3.6671   2.1446E+00   2.3359E-02   4.7006E+00   3.2563E+00
    3.7099   2.1441E+00   2.3385E-02   4.7166E+00   3.2739E+00
    3.7533   2.1436E+00   2.3417E-02   4.7326E+00   3.2915E+00
    3.7971   2.1430E+00   2.3460E-02   4.7481E+00   3.3086E+00
    3.8415   2.1425E+00   2.3501E-02   4.7641E+00   3.3266E+00
    3.8864   2.1420E+00   2.3546E-02   4.7802E+00   3.3450E+00
    3.9318   2.1414E+00   2.3595E-02   4.7963E+00   3.3635E+00
    3.9777   2.1409E+00   2.3648E-02   4.8124E+00   3.3824E+00
    4.0242   2.1404E+00   2.3705E-02   4.8287E+00   3.4016E+00
    4.0712   2.1398E+00   2.3768E-02   4.8449E+00   3.4210E+00
    4.1188   2.1393E+00   2.3835E-02   4.8612E+00   3.4407E+00
    4.1669   2.1388E+00   2.3911E-02   4.8777E+00   3.4633E+00
    4.2156   2.1383E+00   2.3988E-02   4.8941E+00   3.4835E+00
    4.2649   2.1377E+00   2.4069E-02   4.9105E+00   3.5038E+00
    4.3147   2.1371E+00   2.4155E-02   4.9269E+00   3.5244E+00
    4.3651   2.1365E+00   2.4247E-02   4.9433E+00   3.5450E+00
    4.4161   2.1359E+00   2.4344E-02   4.9598E+00   3.5658E+00
    4.4677   2.1353E+00   2.4446E-02   4.9763E+00   3.5868E+00
    4.5199   2.1347E+00   2.4554E-02   4.9928E+00   3.6079E+00
    4.5727   2.1341E+00   2.4667E-02   5.0093E+00   3.6291E+00
    4.6262   2.1335E+00   2.4787E-02   5.0257E+00   3.6505E+00
    4.6802   2.1328E+00   2.4913E-02   5.0422E+00   3.6721E+00
    4.7349   2.1322E+00   2.5077E-02   5.0569E+00   3.6901E+00
    4.7902   2.1315E+00   2.5213E-02   5.0735E+00   3.7121E+00
    4.8462   2.1308E+00   2.5354E-02   5.0902E+00   3.7346E+00
    4.9028   2.1301E+00   2.5499E-02   5.1070E+00   3.7576E+00
    4.9601   2.1294E+00   2.5649E-02   5.1240E+00   3.7810E+00
    5.0181   2.1287E+00   2.5803E-02   5.1410E+00   3.8049E+00
    5.0767   2.1279E+00   2.5963E-02   5.1582E+00   3.8292E+00
    5.1360   2.1272E+00   2.6126E-02   5.1755E+00   3.8540E+00
    5.1960   2.1265E+00   2.6290E-02   5.1927E+00   3.8803E+00
    5.2568   2.1257E+00   2.6468E-02   5.2103E+00   3.9054E+00
    5.3182   2.1248E+00   2.6653E-02   5.2282E+00   3.9306E+00
    5.3803   2.1239E+00   2.6846E-02   5.2463E+00   3.9558E+00
    5.4432   2.1230E+00   2.7046E-02   5.2653E+00   3.9806E+00
    5.5068   2.1221E+00   2.7257E-02   5.2833E+00   4.0063E+00
    5.5711   2.1211E+00   2.7478E-02   5.3010E+00   4.0323E+00
    5.6362   2.1202E+00   2.7709E-02   5.3185E+00   4.0586E+00
    5.7021   2.1192E+00   2.7950E-02   5.3356E+00   4.0853E+00
    5.7687   2.1182E+00   2.8201E-02   5.3525E+00   4.1124E+00
    5.8361   2.1172E+00   2.8495E-02   5.3833E+00   4.1299E+00
    5.9043   2.1161E+00   2.8766E-02   5.3984E+00   4.1585E+00
    5.9733   2.1151E+00   2.9045E-02   5.4116E+00   4.1885E+00
    6.0431   2.1140E+00   2.9333E-02   5.4230E+00   4.2200E+00
    6.1137   2.1130E+00   2.9629E-02   5.4324E+00   4.2529E+00
    6.1851   2.1121E+00   2.9936E-02   5.4357E+00   4.2949E+00
    6.2574   2.1108E+00   3.0262E-02   5.4009E+00   4.3995E+00
    6.3305   2.1095E+00   3.0598E-02   5.7379E+00   4.2350E+00
    6.4045   2.1085E+00   3.0943E-02   5.5943E+00   4.2998E+00
    6.4793   2.1071E+00   3.1303E-02   5.5887E+00   4.3414E+00
    6.5550   2.1057E+00   3.1676E-02   5.5959E+00   4.3773E+00
    6.6316   2.1042E+00   3.2064E-02   5.6063E+00   4.4112E+00
    6.7091   2.1033E+00   3.2462E-02   5.6300E+00   4.4352E+00
    6.7875   2.1019E+00   3.2886E-02   5.6455E+00   4.4659E+00
    6.8668   2.1005E+00   3.3330E-02   5.6614E+00   4.4964E+00
    6.9470   2.0991E+00   3.3794E-02   5.6780E+00   4.5267E+00
    7.0282   2.0976E+00   3.4280E-02   5.6951E+00   4.5569E+00
    7.1103   2.0960E+00   3.4787E-02   5.7129E+00   4.5870E+00
    7.1934   2.0942E+00   3.5319E-02   5.7361E+00   4.6146E+00
    7.2774   2.0926E+00   3.5872E-02   5.7545E+00   4.6445E+00
    7.3625   2.0910E+00   3.6447E-02   5.7728E+00   4.6746E+00
    7.4485   2.0894E+00   3.7046E-02   5.7907E+00   4.7049E+00
    7.5355   2.0878E+00   3.7669E-02   5.8084E+00   4.7353E+00
    7.6236   2.0861E+00   3.8321E-02   5.8257E+00   4.7664E+00
    7.7127   2.0843E+00   3.9003E-02   5.8426E+00   4.7981E+00
    7.8028   2.0824E+00   3.9711E-02   5.8586E+00   4.8299E+00
    7.8939   2.0804E+00   4.0474E-02   5.8762E+00   4.8641E+00
    7.9862   2.0784E+00   4.1273E-02   5.8946E+00   4.8995E+00
    8.0795   2.0765E+00   4.2106E-02   5.9136E+00   4.9361E+00
    8.1739   2.0746E+00   4.2968E-02   5.9334E+00   4.9714E+00
    8.2694   2.0726E+00   4.3868E-02   5.9539E+00   5.0075E+00
    8.3660   2.0705E+00   4.4806E-02   5.9746E+00   5.0435E+00
    8.4638   2.0682E+00   4.5784E-02   5.9955E+00   5.0792E+00
    8.5627   2.0660E+00   4.6797E-02   6.0169E+00   5.1155E+00
    8.6627   2.0637E+00   4.7853E-02   6.0383E+00   5.1518E+00
    8.7639   2.0612E+00   4.8952E-02   6.0597E+00   5.1879E+00
    8.8663   2.0589E+00   5.0089E-02   6.0815E+00   5.2242E+00
    8.9699   2.0565E+00   5.1270E-02   6.1034E+00   5.2605E+00
    9.0748   2.0542E+00   5.2496E-02   6.1252E+00   5.2966E+00
    9.1808   2.0517E+00   5.3770E-02   6.1473E+00   5.3335E+00
    9.2881   2.0491E+00   5.5093E-02   6.1693E+00   5.3702E+00
    9.3966   2.0465E+00   5.6464E-02   6.1914E+00   5.4065E+00
    9.5064   2.0438E+00   5.7889E-02   6.2130E+00   5.4433E+00
    9.6175   2.0411E+00   5.9368E-02   6.2340E+00   5.4806E+00
    9.7298   2.0382E+00   6.0896E-02   6.2550E+00   5.5181E+00
    9.8435   2.0352E+00   6.2488E-02   6.2755E+00   5.5554E+00
    9.9585   2.0322E+00   6.4135E-02   6.2959E+00   5.5931E+00
   10.0749   2.0291E+00   6.5845E-02   6.3162E+00   5.6317E+00
   10.1926   2.0259E+00   6.7619E-02   6.3363E+00   5.6710E+00
   10.3117   2.0226E+00   6.9458E-02   6.3566E+00   5.7109E+00
   10.4322   2.0191E+00   7.1364E-02   6.3770E+00   5.7513E+00
   10.5541   2.0152E+00   7.3365E-02   6.3973E+00   5.7921E+00
   10.6774   2.0110E+00   7.5455E-02   6.4176E+00   5.8334E+00
   10.8022   2.0143E+00   7.6769E-02   6.4382E+00   5.8753E+00
   10.9284   2.0075E+00   7.9231E-02   6.4582E+00   5.9175E+00
   11.0561   1.9981E+00   8.2030E-02   6.4780E+00   5.9601E+00
   11.1852   1.9860E+00   8.5178E-02   6.4976E+00   6.0031E+00
   11.3159   1.9785E+00   8.7563E-02   6.5165E+00   6.0467E+00
   11.4482   1.9233E+00   9.7947E-02   6.5367E+00   6.0903E+00
   11.5819   2.0941E+00   9.6899E-02   6.5555E+00   6.1348E+00
   11.7173   2.0161E+00   9.2741E-02   6.5752E+00   6.1810E+00
   11.8542   2.0078E+00   9.6243E-02   6.5931E+00   6.2253E+00
   11.9927   1.9944E+00   9.8918E-02   6.6104E+00   6.2719E+00
   12.1328   1.9907E+00   1.0200E-01   6.6265E+00   6.3196E+00
   12.2746   1.9852E+00   1.0505E-01   6.6416E+00   6.3682E+00
   12.4180   1.9802E+00   1.0819E-01   6.6578E+00   6.4197E+00
   12.5631   1.9754E+00   1.1142E-01   6.6753E+00   6.4733E+00
   12.7099   1.9708E+00   1.1476E-01   6.6945E+00   6.5301E+00
   12.8584   1.9662E+00   1.1820E-01   6.7145E+00   6.5862E+00
   13.0086   1.9618E+00   1.2174E-01   6.7360E+00   6.6423E+00
   13.1606   1.9574E+00   1.2540E-01   6.7578E+00   6.6987E+00
   13.3144   1.9529E+00   1.2917E-01   6.7800E+00   6.7552E+00
   13.4700   1.9485E+00   1.3306E-01   6.8026E+00   6.8118E+00
   13.6274   1.9440E+00   1.3707E-01   6.8256E+00   6.8690E+00
   13.7866   1.9396E+00   1.4120E-01   6.8491E+00   6.9267E+00
   13.9477   1.9351E+00   1.4547E-01   6.8726E+00   6.9847E+00
   14.1106   1.9304E+00   1.4987E-01   6.8966E+00   7.0430E+00
   14.2755   1.9258E+00   1.5441E-01   6.9205E+00   7.1015E+00
   14.4423   1.9212E+00   1.5909E-01   6.9445E+00   7.1604E+00
   14.6111   1.9166E+00   1.6390E-01   6.9684E+00   7.2194E+00
   14.7818   1.9120E+00   1.6886E-01   6.9923E+00   7.2791E+00
   14.9545   1.9074E+00   1.7396E-01   7.0165E+00   7.3395E+00
   15.1292   1.9025E+00   1.7925E-01   7.0388E+00   7.3992E+00
   15.3060   1.8976E+00   1.8469E-01   7.0613E+00   7.4599E+00
   15.4849   1.8930E+00   1.9026E-01   7.0856E+00   7.5223E+00
   15.6658   1.8882E+00   1.9601E-01   7.1076E+00   7.5851E+00
   15.8488   1.8833E+00   2.0195E-01   7.1286E+00   7.6487E+00
   16.0340   1.8782E+00   2.0807E-01   7.1479E+00   7.7127E+00
   16.2214   1.8734E+00   2.1435E-01   7.1679E+00   7.7789E+00
   16.4109   1.8687E+00   2.2078E-01   7.1871E+00   7.8468E+00
   16.6026   1.8638E+00   2.2742E-01   7.2071E+00   7.9160E+00
   16.7966   1.8588E+00   2.3425E-01   7.2276E+00   7.9866E+00
   16.9929   1.8536E+00   2.4131E-01   7.2492E+00   8.0593E+00
   17.1914   1.8485E+00   2.4855E-01   7.2702E+00   8.1325E+00
   17.3923   1.8435E+00   2.5598E-01   7.2911E+00   8.2067E+00
   17.5955   1.8385E+00   2.6363E-01   7.3118E+00   8.2814E+00
   17.8011   1.8334E+00   2.7148E-01   7.3326E+00   8.3578E+00
   18.0091   1.8284E+00   2.7954E-01   7.3534E+00   8.4357E+00
   18.2196   1.8234E+00   2.8782E-01   7.3757E+00   8.5147E+00
   18.4324   1.8183E+00   2.9633E-01   7.3958E+00   8.5956E+00
   18.6478   1.8133E+00   3.0506E-01   7.4147E+00   8.6784E+00
   18.8657   1.8083E+00   3.1403E-01   7.4323E+00   8.7630E+00
   19.0861   1.8032E+00   3.2325E-01   7.4470E+00   8.8474E+00
   19.3091   1.7983E+00   3.3268E-01   7.4646E+00   8.9394E+00
   19.5348   1.7934E+00   3.4235E-01   7.4826E+00   9.0359E+00
   19.7630   1.7885E+00   3.5227E-01   7.4965E+00   9.1382E+00
   19.9939   1.7837E+00   3.6242E-01   7.5200E+00   9.2429E+00
   20.2275   1.7789E+00   3.7282E-01   7.5489E+00   9.3534E+00
   20.4639   1.7742E+00   3.8347E-01   7.5803E+00   9.4627E+00
   20.7030   1.7696E+00   3.9437E-01   7.6145E+00   9.5697E+00
   20.9449   1.7650E+00   4.0552E-01   7.6506E+00   9.6778E+00
   21.1896   1.7606E+00   4.1694E-01   7.6895E+00   9.7868E+00
   21.4372   1.7562E+00   4.2860E-01   7.7276E+00   9.8948E+00
   21.6877   1.7520E+00   4.4051E-01   7.7653E+00   1.0002E+01
   21.9411   1.7477E+00   4.5271E-01   7.8048E+00   1.0111E+01
   22.1975   1.7435E+00   4.6519E-01   7.8457E+00   1.0220E+01
   22.4568   1.7395E+00   4.7789E-01   7.8872E+00   1.0332E+01
   22.7192   1.7357E+00   4.9084E-01   7.9297E+00   1.0445E+01
   22.9847   1.7320E+00   5.0403E-01   7.9710E+00   1.0558E+01
   23.2533   1.7285E+00   5.1749E-01   8.0117E+00   1.0672E+01
   23.5250   1.7252E+00   5.3120E-01   8.0511E+00   1.0788E+01
   23.7998   1.7219E+00   5.4516E-01   8.0895E+00   1.0905E+01
   24.0779   1.7189E+00   5.5936E-01   8.1228E+00   1.1029E+01
   24.3593   1.7160E+00   5.7381E-01   8.1513E+00   1.1160E+01
   24.6439   1.7133E+00   5.8849E-01   8.1884E+00   1.1299E+01
   24.9318   1.7109E+00   6.0342E-01   8.2301E+00   1.1446E+01
   25.2231   1.7086E+00   6.1851E-01   8.2760E+00   1.1591E+01
   25.5179   1.7065E+00   6.3379E-01   8.3263E+00   1.1736E+01
   25.8160   1.7046E+00   6.4927E-01   8.3813E+00   1.1883E+01
   26.1177   1.7029E+00   6.6495E-01   8.4410E+00   1.2030E+01
   26.4228   1.7015E+00   6.8082E-01   8.5057E+00   1.2179E+01
   26.7316   1.7002E+00   6.9690E-01   8.5754E+00   1.2328E+01
   27.0439   1.6993E+00   7.1318E-01   8.6504E+00   1.2478E+01
   27.3599   1.6985E+00   7.2967E-01   8.7308E+00   1.2629E+01
   27.6796   1.6994E+00   7.4866E-01   8.9021E+00   1.2792E+01
   28.0030   1.6991E+00   7.6549E-01   8.9908E+00   1.2945E+01
   28.3302   1.6991E+00   7.8246E-01   9.0825E+00   1.3098E+01
   28.6612   1.6993E+00   7.9957E-01   9.1772E+00   1.3251E+01
   28.9961   1.6997E+00   8.1681E-01   9.2751E+00   1.3405E+01
   29.3349   1.7004E+00   8.3420E-01   9.3762E+00   1.3559E+01
   29.6777   1.7014E+00   8.5171E-01   9.4805E+00   1.3713E+01
   30.0244   1.7026E+00   8.6937E-01   9.5883E+00   1.3868E+01
   30.3753   1.7041E+00   8.8716E-01   9.6996E+00   1.4023E+01
   30.7302   1.7059E+00   9.0510E-01   9.8145E+00   1.4178E+01
   31.0892   1.7080E+00   9.2317E-01   9.9330E+00   1.4334E+01
   31.4525   1.7104E+00   9.4137E-01   1.0055E+01   1.4490E+01
   31.8200   1.7142E+00   9.6050E-01   1.0189E+01   1.4652E+01
   32.1918   1.7172E+00   9.7893E-01   1.0319E+01   1.4808E+01
   32.5679   1.7204E+00   9.9743E-01   1.0452E+01   1.4963E+01
   32.9485   1.7239E+00   1.0160E+00   1.0589E+01   1.5117E+01
   33.3335   1.7276E+00   1.0346E+00   1.0729E+01   1.5272E+01
   33.7229   1.7316E+00   1.0533E+00   1.0872E+01   1.5425E+01
   34.1170   1.7358E+00   1.0720E+00   1.1020E+01   1.5578E+01
   34.5156   1.7403E+00   1.0908E+00   1.1171E+01   1.5730E+01
   34.9189   1.7451E+00   1.1097E+00   1.1326E+01   1.5881E+01
   35.3269   1.7502E+00   1.1285E+00   1.1485E+01   1.6031E+01
   35.7397   1.7567E+00   1.1475E+00   1.1655E+01   1.6170E+01
   36.1573   1.7623E+00   1.1665E+00   1.1821E+01   1.6319E+01
   36.5798   1.7681E+00   1.1855E+00   1.1992E+01   1.6467E+01
   37.0072   1.7741E+00   1.2044E+00   1.2166E+01   1.6616E+01
   37.4396   1.7804E+00   1.2234E+00   1.2344E+01   1.6764E+01
   37.8770   1.7869E+00   1.2425E+00   1.2525E+01   1.6911E+01
   38.3196   1.7936E+00   1.2615E+00   1.2711E+01   1.7058E+01
   38.7673   1.8006E+00   1.2805E+00   1.2901E+01   1.7205E+01
   39.2203   1.8079E+00   1.2995E+00   1.3095E+01   1.7351E+01
   39.6786   1.8161E+00   1.3184E+00   1.3280E+01   1.7497E+01
   40.1422   1.8238E+00   1.3374E+00   1.3485E+01   1.7642E+01
   40.6112   1.8317E+00   1.3564E+00   1.3695E+01   1.7786E+01
   41.0858   1.8397E+00   1.3754E+00   1.3912E+01   1.7929E+01
   41.5658   1.8480E+00   1.3944E+00   1.4135E+01   1.8070E+01
   42.0515   1.8565E+00   1.4134E+00   1.4364E+01   1.8211E+01
   42.5428   1.8652E+00   1.4323E+00   1.4601E+01   1.8351E+01
   43.0399   1.8742E+00   1.4512E+00   1.4844E+01   1.8489E+01
   43.5428   1.8837E+00   1.4699E+00   1.5089E+01   1.8669E+01
   44.0516   1.8930E+00   1.4888E+00   1.5348E+01   1.8797E+01
   44.5663   1.9025E+00   1.5077E+00   1.5615E+01   1.8917E+01
   45.0870   1.9121E+00   1.5266E+00   1.5891E+01   1.9028E+01
   45.6138   1.9219E+00   1.5454E+00   1.6176E+01   1.9131E+01
   46.1468   1.9319E+00   1.5642E+00   1.6470E+01   1.9224E+01
   46.6860   1.9421E+00   1.5830E+00   1.6773E+01   1.9308E+01
   47.2315   1.9524E+00   1.6018E+00   1.7086E+01   1.9381E+01
   47.7834   1.9633E+00   1.6201E+00   1.7515E+01   1.9484E+01
   48.3417   1.9740E+00   1.6388E+00   1.7837E+01   1.9533E+01
   48.9065   1.9849E+00   1.6575E+00   1.8159E+01   1.9567E+01
   49.4780   1.9959E+00   1.6761E+00   1.8479E+01   1.9585E+01
   50.0561   2.0071E+00   1.6948E+00   1.8798E+01   1.9586E+01
   50.6410   2.0184E+00   1.7134E+00   1.9115E+01   1.9571E+01
   51.2327   2.0300E+00   1.7320E+00   1.9433E+01   1.9529E+01
   51.8313   2.0416E+00   1.7506E+00   1.9743E+01   1.9492E+01
   52.4369   2.0534E+00   1.7691E+00   2.0048E+01   1.9449E+01
   53.0496   2.0652E+00   1.7876E+00   2.0343E+01   1.9400E+01
   53.6695   2.0773E+00   1.8061E+00   2.0638E+01   1.9343E+01
   54.2966   2.0894E+00   1.8246E+00   2.0929E+01   1.9277E+01
   54.9310   2.1018E+00   1.8431E+00   2.1217E+01   1.9204E+01
   55.5728   2.1143E+00   1.8615E+00   2.1503E+01   1.9120E+01
   56.2222   2.1269E+00   1.8799E+00   2.1781E+01   1.9031E+01
   56.8791   2.1396E+00   1.8983E+00   2.2052E+01   1.8935E+01
   57.5437   2.1524E+00   1.9167E+00   2.2316E+01   1.8831E+01
   58.2161   2.1653E+00   1.9350E+00   2.2570E+01   1.8713E+01
   58.8963   2.1784E+00   1.9534E+00   2.2823E+01   1.8596E+01
   59.5844   2.1916E+00   1.9718E+00   2.3070E+01   1.8475E+01
   60.2806   2.2049E+00   1.9902E+00   2.3311E+01   1.8348E+01
   60.9850   2.2183E+00   2.0086E+00   2.3548E+01   1.8218E+01
   61.6976   2.2319E+00   2.0270E+00   2.3776E+01   1.8079E+01
   62.4185   2.2455E+00   2.0453E+00   2.3997E+01   1.7933E+01
   63.1478   2.2594E+00   2.0637E+00   2.4211E+01   1.7778E+01
   63.8856   2.2733E+00   2.0820E+00   2.4418E+01   1.7621E+01
   64.6321   2.2872E+00   2.1003E+00   2.4617E+01   1.7458E+01
   65.3873   2.3013E+00   2.1187E+00   2.4808E+01   1.7292E+01
   66.1513   2.3154E+00   2.1372E+00   2.4989E+01   1.7122E+01
   66.9242   2.3297E+00   2.1556E+00   2.5163E+01   1.6949E+01
   67.7062   2.3441E+00   2.1739E+00   2.5331E+01   1.6773E+01
   68.4973   2.3588E+00   2.1922E+00   2.5491E+01   1.6594E+01
   69.2977   2.3735E+00   2.2106E+00   2.5645E+01   1.6412E+01
   70.1074   2.3882E+00   2.2289E+00   2.5792E+01   1.6228E+01
   70.9265   2.4032E+00   2.2474E+00   2.5931E+01   1.6041E+01
   71.7552   2.4181E+00   2.2658E+00   2.6063E+01   1.5849E+01
   72.5937   2.4331E+00   2.2842E+00   2.6186E+01   1.5651E+01
   73.4419   2.4482E+00   2.3027E+00   2.6301E+01   1.5451E+01
   74.3000   2.4635E+00   2.3212E+00   2.6406E+01   1.5249E+01
   75.1682   2.4789E+00   2.3397E+00   2.6506E+01   1.5043E+01
   76.0464   2.4944E+00   2.3583E+00   2.6599E+01   1.4834E+01
   76.9350   2.5099E+00   2.3767E+00   2.6687E+01   1.4624E+01
   77.8339   2.5256E+00   2.3953E+00   2.6760E+01   1.4405E+01
   78.7434   2.5414E+00   2.4139E+00   2.6820E+01   1.4180E+01
   79.6635   2.5572E+00   2.4325E+00   2.6869E+01   1.3946E+01
   80.5943   2.5732E+00   2.4512E+00   2.6902E+01   1.3714E+01
   81.5360   2.5892E+00   2.4698E+00   2.6917E+01   1.3478E+01
   82.4887   2.6054E+00   2.4885E+00   2.6920E+01   1.3246E+01
   83.4525   2.6216E+00   2.5073E+00   2.6908E+01   1.3016E+01
   84.4276   2.6380E+00   2.5260E+00   2.6882E+01   1.2786E+01
   85.4141   2.6544E+00   2.5448E+00   2.6840E+01   1.2564E+01
   86.4121   2.6709E+00   2.5637E+00   2.6782E+01   1.2347E+01
   87.4218   2.6875E+00   2.5826E+00   2.6694E+01   1.2132E+01
   88.4432   2.7042E+00   2.6015E+00   2.6613E+01   1.1932E+01
   89.4766   2.7210E+00   2.6205E+00   2.6525E+01   1.1743E+01
   90.5221   2.7380E+00   2.6396E+00   2.6431E+01   1.1579E+01
   91.5798   2.7550E+00   2.6586E+00   2.6332E+01   1.1405E+01
   92.6499   2.7722E+00   2.6777E+00   2.6228E+01   1.1233E+01
   93.7324   2.7893E+00   2.6968E+00   2.6119E+01   1.1068E+01
   94.8276   2.8066E+00   2.7160E+00   2.6002E+01   1.0898E+01
   95.9356   2.8240E+00   2.7352E+00   2.5877E+01   1.0725E+01
   97.0566   2.8415E+00   2.7545E+00   2.5744E+01   1.0551E+01
   98.1906   2.8591E+00   2.7739E+00   2.5623E+01   1.0372E+01
   99.3379   2.8768E+00   2.7933E+00   2.5463E+01   1.0195E+01
  100.4986   2.8946E+00   2.8127E+00   2.5284E+01   1.0017E+01
  101.6729   2.9125E+00   2.8322E+00   2.5083E+01   9.8256E+00
  102.8609   2.9305E+00   2.8518E+00   2.4863E+01   9.6518E+00
  104.0627   2.9486E+00   2.8715E+00   2.4623E+01   9.4895E+00
  105.2787   2.9668E+00   2.8912E+00   2.4362E+01   9.3393E+00
  106.5088   2.9851E+00   2.9110E+00   2.4080E+01   9.2016E+00
  107.7533   3.0035E+00   2.9308E+00   2.3775E+01   9.0769E+00
  109.0123   3.0219E+00   2.9506E+00   2.3385E+01   8.9153E+00
  110.2860   3.0405E+00   2.9705E+00   2.3047E+01   8.8278E+00
  111.5747   3.0592E+00   2.9906E+00   2.2694E+01   8.7629E+00
  112.8783   3.0780E+00   3.0107E+00   2.2328E+01   8.7213E+00
  114.1973   3.0969E+00   3.0308E+00   2.1946E+01   8.7038E+00
  115.5316   3.1159E+00   3.0510E+00   2.1534E+01   8.7196E+00
  116.8815   3.1351E+00   3.0713E+00   2.1126E+01   8.7506E+00
  118.2472   3.1543E+00   3.0917E+00   2.0709E+01   8.8041E+00
  119.6288   3.1736E+00   3.1121E+00   2.0284E+01   8.8810E+00
  121.0266   3.1930E+00   3.1326E+00   1.9849E+01   8.9821E+00
  122.4407   3.2124E+00   3.1532E+00   1.9382E+01   9.1108E+00
  123.8714   3.2320E+00   3.1738E+00   1.8951E+01   9.2602E+00
  125.3188   3.2518E+00   3.1946E+00   1.8526E+01   9.4347E+00
  126.7830   3.2716E+00   3.2155E+00   1.8106E+01   9.6350E+00
  128.2644   3.2916E+00   3.2365E+00   1.7693E+01   9.8621E+00
  129.7631   3.3117E+00   3.2576E+00   1.7287E+01   1.0117E+01
  131.2793   3.3319E+00   3.2787E+00   1.6887E+01   1.0400E+01
  132.8132   3.3522E+00   3.3000E+00   1.6495E+01   1.0713E+01
  134.3651   3.3726E+00   3.3213E+00   1.6110E+01   1.1056E+01
  135.9350   3.3931E+00   3.3427E+00   1.5734E+01   1.1430E+01
  137.5234   3.4126E+00   3.3624E+00   1.5277E+01   1.2730E+01
  139.1302   3.4333E+00   3.3840E+00   1.4920E+01   1.3147E+01
  140.7559   3.4542E+00   3.4057E+00   1.4575E+01   1.3572E+01
  142.4005   3.4752E+00   3.4276E+00   1.4242E+01   1.4003E+01
  144.0644   3.4963E+00   3.4495E+00   1.3923E+01   1.4440E+01
  145.7477   3.5176E+00   3.4716E+00   1.3617E+01   1.4884E+01
  147.4507   3.5390E+00   3.4938E+00   1.3326E+01   1.5336E+01
  149.1736   3.5605E+00   3.5161E+00   1.3049E+01   1.5794E+01
  150.9166   3.5821E+00   3.5385E+00   1.2787E+01   1.6259E+01
  152.6799   3.6039E+00   3.5611E+00   1.2542E+01   1.6732E+01
  154.4639   3.6258E+00   3.5837E+00   1.2313E+01   1.7212E+01
  156.2687   3.6478E+00   3.6065E+00   1.2102E+01   1.7700E+01
  158.0946   3.6700E+00   3.6293E+00   1.1909E+01   1.8195E+01
  159.9419   3.6922E+00   3.6523E+00   1.1734E+01   1.8699E+01
  161.8107   3.7146E+00   3.6753E+00   1.1578E+01   1.9210E+01
  163.7013   3.7371E+00   3.6985E+00   1.1443E+01   1.9729E+01
  165.6141   3.7596E+00   3.7217E+00   1.1329E+01   2.0256E+01
  167.5492   3.7824E+00   3.7451E+00   1.1236E+01   2.0792E+01
  169.5069   3.8052E+00   3.7685E+00   1.1166E+01   2.1337E+01
  171.4875   3.8281E+00   3.7920E+00   1.1119E+01   2.1890E+01
  173.4912   3.8511E+00   3.8156E+00   1.1095E+01   2.2452E+01
  175.5184   3.8692E+00   3.8327E+00   1.2711E+01   2.3606E+01
  177.5692   3.8925E+00   3.8565E+00   1.2722E+01   2.4180E+01
  179.6440   3.9159E+00   3.8804E+00   1.2738E+01   2.4756E+01
  181.7430   3.9395E+00   3.9045E+00   1.2759E+01   2.5333E+01
  183.8666   3.9633E+00   3.9288E+00   1.2784E+01   2.5911E+01
  186.0149   3.9872E+00   3.9532E+00   1.2814E+01   2.6490E+01
  188.1884   4.0112E+00   3.9778E+00   1.2850E+01   2.7070E+01
  190.3873   4.0354E+00   4.0025E+00   1.2890E+01   2.7650E+01
  192.6118   4.0598E+00   4.0274E+00   1.2936E+01   2.8231E+01
  194.8624   4.0844E+00   4.0524E+00   1.2988E+01   2.8812E+01
  197.1392   4.1090E+00   4.0776E+00   1.3046E+01   2.9394E+01
  199.4427   4.1339E+00   4.1030E+00   1.3109E+01   2.9976E+01
  201.7730   4.1589E+00   4.1284E+00   1.3179E+01   3.0557E+01
  204.1306   4.1840E+00   4.1541E+00   1.3255E+01   3.1139E+01
  206.5158   4.2093E+00   4.1798E+00   1.3337E+01   3.1720E+01
  208.9288   4.2348E+00   4.2057E+00   1.3427E+01   3.2301E+01
  211.3700   4.2603E+00   4.2318E+00   1.3523E+01   3.2881E+01
  213.8397   4.2861E+00   4.2579E+00   1.3627E+01   3.3460E+01
  216.3383   4.3119E+00   4.2842E+00   1.3738E+01   3.4038E+01
  218.8661   4.3380E+00   4.3107E+00   1.3856E+01   3.4615E+01
  221.4234   4.3641E+00   4.3373E+00   1.3983E+01   3.5190E+01
  224.0106   4.3904E+00   4.3639E+00   1.4118E+01   3.5763E+01
  226.6280   4.4168E+00   4.3908E+00   1.4261E+01   3.6335E+01
  229.2760   4.4433E+00   4.4177E+00   1.4413E+01   3.6904E+01
  231.9550   4.4700E+00   4.4447E+00   1.4574E+01   3.7471E+01
  234.6653   4.4968E+00   4.4719E+00   1.4745E+01   3.8036E+01
  237.4072   4.5237E+00   4.4992E+00   1.4924E+01   3.8598E+01
  240.1811   4.5508E+00   4.5265E+00   1.5114E+01   3.9156E+01
  242.9875   4.5779E+00   4.5540E+00   1.5314E+01   3.9711E+01
  245.8267   4.6052E+00   4.5816E+00   1.5524E+01   4.0263E+01
  248.6990   4.6325E+00   4.6093E+00   1.5744E+01   4.0810E+01
  251.6049   4.6485E+00   4.6235E+00   1.7039E+01   4.0505E+01
  254.5447   4.6761E+00   4.6515E+00   1.7274E+01   4.1050E+01
  257.5189   4.7040E+00   4.6796E+00   1.7514E+01   4.1596E+01
  260.5279   4.7320E+00   4.7079E+00   1.7758E+01   4.2143E+01
  263.5720   4.7602E+00   4.7364E+00   1.8006E+01   4.2691E+01
  266.6517   4.7885E+00   4.7650E+00   1.8258E+01   4.3240E+01
  269.7674   4.8171E+00   4.7938E+00   1.8515E+01   4.3790E+01
  272.9194   4.8458E+00   4.8228E+00   1.8777E+01   4.4341E+01
  276.1083   4.8747E+00   4.8519E+00   1.9043E+01   4.4892E+01
  279.3345   4.9037E+00   4.8812E+00   1.9314E+01   4.5443E+01
  282.5983   4.9329E+00   4.9107E+00   1.9590E+01   4.5995E+01
  285.9003   4.9623E+00   4.9403E+00   1.9871E+01   4.6547E+01
  289.2409   4.9918E+00   4.9701E+00   2.0156E+01   4.7098E+01
  292.6205   5.0215E+00   5.0000E+00   2.0447E+01   4.7650E+01
  296.0396   5.0514E+00   5.0301E+00   2.0743E+01   4.8201E+01
  299.4986   5.0814E+00   5.0604E+00   2.1044E+01   4.8752E+01
  302.9981   5.1116E+00   5.0907E+00   2.1351E+01   4.9302E+01
  306.5384   5.1419E+00   5.1213E+00   2.1663E+01   4.9851E+01
  310.1202   5.1723E+00   5.1519E+00   2.1981E+01   5.0399E+01
  313.7437   5.2029E+00   5.1827E+00   2.2305E+01   5.0945E+01
  317.4096   5.2336E+00   5.2137E+00   2.2635E+01   5.1491E+01
  321.1184   5.2645E+00   5.2447E+00   2.2970E+01   5.2035E+01
  324.8704   5.2955E+00   5.2759E+00   2.3312E+01   5.2577E+01
  328.6663   5.3248E+00   5.3052E+00   2.3714E+01   5.3035E+01
  332.5066   5.3561E+00   5.3367E+00   2.4066E+01   5.3576E+01
  336.3918   5.3876E+00   5.3684E+00   2.4423E+01   5.4117E+01
  340.3223   5.4193E+00   5.4003E+00   2.4784E+01   5.4659E+01
  344.2987   5.4512E+00   5.4323E+00   2.5149E+01   5.5202E+01
  348.3217   5.4832E+00   5.4646E+00   2.5518E+01   5.5745E+01
  352.3916   5.5155E+00   5.4970E+00   2.5892E+01   5.6289E+01
  356.5091   5.5480E+00   5.5297E+00   2.6271E+01   5.6832E+01
  360.6747   5.5806E+00   5.5625E+00   2.6654E+01   5.7376E+01
  364.8889   5.6134E+00   5.5954E+00   2.7042E+01   5.7920E+01
  369.1524   5.6464E+00   5.6286E+00   2.7434E+01   5.8464E+01
  373.4658   5.6796E+00   5.6619E+00   2.7831E+01   5.9007E+01
  377.8295   5.7129E+00   5.6954E+00   2.8233E+01   5.9549E+01
  382.2442   5.7464E+00   5.7291E+00   2.8640E+01   6.0091E+01
  386.7105   5.7790E+00   5.7617E+00   2.9072E+01   6.0590E+01
  391.2290   5.8129E+00   5.7958E+00   2.9488E+01   6.1132E+01
  395.8002   5.8470E+00   5.8300E+00   2.9907E+01   6.1675E+01
  400.4249   5.8813E+00   5.8645E+00   3.0331E+01   6.2219E+01
  405.1036   5.9158E+00   5.8992E+00   3.0759E+01   6.2764E+01
  409.8370   5.9506E+00   5.9341E+00   3.1191E+01   6.3309E+01
  414.6257   5.9855E+00   5.9692E+00   3.1627E+01   6.3854E+01
  419.4704   6.0207E+00   6.0045E+00   3.2067E+01   6.4399E+01
  424.3716   6.0561E+00   6.0400E+00   3.2512E+01   6.4945E+01
  429.3302   6.0916E+00   6.0757E+00   3.2960E+01   6.5490E+01
  434.3466   6.1274E+00   6.1116E+00   3.3413E+01   6.6035E+01
  439.4217   6.1633E+00   6.1477E+00   3.3871E+01   6.6580E+01
  444.5561   6.1995E+00   6.1839E+00   3.4332E+01   6.7124E+01
  449.7504   6.2358E+00   6.2204E+00   3.4798E+01   6.7668E+01
  455.0055   6.2724E+00   6.2571E+00   3.5269E+01   6.8210E+01
  460.3220   6.3066E+00   6.2914E+00   3.5765E+01   6.8659E+01
  465.7005   6.3436E+00   6.3285E+00   3.6244E+01   6.9203E+01
  471.1420   6.3808E+00   6.3658E+00   3.6726E+01   6.9748E+01
  476.6470   6.4183E+00   6.4034E+00   3.7212E+01   7.0294E+01
  482.2163   6.4560E+00   6.4412E+00   3.7701E+01   7.0842E+01
  487.8507   6.4940E+00   6.4793E+00   3.8195E+01   7.1391E+01
  493.5510   6.5322E+00   6.5177E+00   3.8692E+01   7.1940E+01
  499.3178   6.5707E+00   6.5562E+00   3.9193E+01   7.2491E+01
  505.1520   6.6094E+00   6.5951E+00   3.9698E+01   7.3043E+01
  511.0544   6.6483E+00   6.6341E+00   4.0206E+01   7.3595E+01
  517.0258   6.6875E+00   6.6734E+00   4.0718E+01   7.4148E+01
  523.0669   6.7269E+00   6.7130E+00   4.1234E+01   7.4701E+01
  529.1786   6.7666E+00   6.7527E+00   4.1754E+01   7.5255E+01
  535.3618   6.8064E+00   6.7927E+00   4.2277E+01   7.5809E+01
  541.6171   6.8466E+00   6.8329E+00   4.2804E+01   7.6362E+01
  547.9456   6.8869E+00   6.8734E+00   4.3334E+01   7.6916E+01
  554.3480   6.9275E+00   6.9140E+00   4.3869E+01   7.7469E+01
  560.8252   6.9682E+00   6.9549E+00   4.4407E+01   7.8022E+01
  567.3781   7.0092E+00   6.9960E+00   4.4948E+01   7.8575E+01
  574.0076   7.0504E+00   7.0373E+00   4.5493E+01   7.9126E+01
  580.7145   7.0918E+00   7.0788E+00   4.6042E+01   7.9677E+01
  587.4998   7.1335E+00   7.1205E+00   4.6595E+01   8.0226E+01
  594.3644   7.1753E+00   7.1625E+00   4.7150E+01   8.0774E+01
  601.3092   7.2061E+00   7.1931E+00   4.7686E+01   8.0913E+01
  608.3351   7.2484E+00   7.2355E+00   4.8249E+01   8.1460E+01
  615.4432   7.2909E+00   7.2782E+00   4.8815E+01   8.2010E+01
  622.6342   7.3338E+00   7.3211E+00   4.9386E+01   8.2562E+01
  629.9093   7.3770E+00   7.3644E+00   4.9960E+01   8.3115E+01
  637.2695   7.4205E+00   7.4079E+00   5.0537E+01   8.3671E+01
  644.7156   7.4642E+00   7.4518E+00   5.1119E+01   8.4228E+01
  652.2487   7.5083E+00   7.4959E+00   5.1703E+01   8.4787E+01
  659.8698   7.5526E+00   7.5404E+00   5.2292E+01   8.5348E+01
  667.5800   7.5973E+00   7.5851E+00   5.2883E+01   8.5910E+01
  675.3802   7.6422E+00   7.6301E+00   5.3479E+01   8.6474E+01
  683.2717   7.6874E+00   7.6754E+00   5.4077E+01   8.7039E+01
  691.2553   7.7329E+00   7.7210E+00   5.4679E+01   8.7606E+01
  699.3322   7.7787E+00   7.7669E+00   5.5284E+01   8.8173E+01
  707.5034   7.8247E+00   7.8130E+00   5.5893E+01   8.8742E+01
  715.7702   7.8710E+00   7.8594E+00   5.6505E+01   8.9312E+01
  724.1335   7.9176E+00   7.9061E+00   5.7120E+01   8.9882E+01
  732.5946   7.9645E+00   7.9530E+00   5.7737E+01   9.0453E+01
  741.1545   8.0116E+00   8.0003E+00   5.8358E+01   9.1024E+01
  749.8144   8.0590E+00   8.0477E+00   5.8982E+01   9.1596E+01
  758.5756   8.1067E+00   8.0955E+00   5.9609E+01   9.2168E+01
  767.4391   8.1546E+00   8.1435E+00   6.0239E+01   9.2740E+01
  776.4061   8.2028E+00   8.1917E+00   6.0871E+01   9.3312E+01
  785.4780   8.2512E+00   8.2402E+00   6.1507E+01   9.3884E+01
  794.6558   8.2998E+00   8.2889E+00   6.2144E+01   9.4455E+01
  803.9409   8.3487E+00   8.3379E+00   6.2785E+01   9.5026E+01
  813.3344   8.3978E+00   8.3870E+00   6.3427E+01   9.5596E+01
  822.8377   8.4472E+00   8.4365E+00   6.4072E+01   9.6166E+01
  832.4521   8.4967E+00   8.4861E+00   6.4720E+01   9.6734E+01
  842.1788   8.5465E+00   8.5359E+00   6.5369E+01   9.7301E+01
  852.0192   8.5812E+00   8.5705E+00   6.5842E+01   9.7392E+01
  861.9745   8.6315E+00   8.6209E+00   6.6496E+01   9.7959E+01
  872.0461   8.6821E+00   8.6715E+00   6.7154E+01   9.8527E+01
  882.2355   8.7330E+00   8.7226E+00   6.7816E+01   9.9098E+01
  892.5438   8.7843E+00   8.7739E+00   6.8481E+01   9.9672E+01
  902.9727   8.8359E+00   8.8256E+00   6.9149E+01   1.0025E+02
  913.5234   8.8878E+00   8.8776E+00   6.9820E+01   1.0082E+02
  924.1973   8.9401E+00   8.9299E+00   7.0495E+01   1.0140E+02
  934.9960   8.9927E+00   8.9825E+00   7.1172E+01   1.0199E+02
  945.9209   9.0456E+00   9.0355E+00   7.1853E+01   1.0257E+02
  956.9734   9.0988E+00   9.0888E+00   7.2536E+01   1.0315E+02
  968.1550   9.1523E+00   9.1423E+00   7.3222E+01   1.0374E+02
  979.4673   9.2061E+00   9.1962E+00   7.3911E+01   1.0433E+02
  990.9118   9.2603E+00   9.2504E+00   7.4603E+01   1.0492E+02
 1002.4900   9.3147E+00   9.3049E+00   7.5297E+01   1.0551E+02
 1014.2035   9.3694E+00   9.3597E+00   7.5993E+01   1.0610E+02
 1026.0539   9.4244E+00   9.4147E+00   7.6692E+01   1.0669E+02
 1038.0427   9.4797E+00   9.4701E+00   7.7393E+01   1.0728E+02
 1050.1716   9.5353E+00   9.5257E+00   7.8097E+01   1.0788E+02
 1062.4422   9.5911E+00   9.5816E+00   7.8802E+01   1.0847E+02
 1074.8562   9.6472E+00   9.6378E+00   7.9509E+01   1.0907E+02
 1087.4152   9.7036E+00   9.6942E+00   8.0218E+01   1.0966E+02
 1100.1210   9.7602E+00   9.7509E+00   8.0929E+01   1.1026E+02
 1112.9753   9.8133E+00   9.8040E+00   8.1574E+01   1.1076E+02
 1125.9797   9.8706E+00   9.8613E+00   8.2291E+01   1.1136E+02
 1139.1361   9.9283E+00   9.9191E+00   8.3011E+01   1.1196E+02
 1152.4462   9.9864E+00   9.9772E+00   8.3735E+01   1.1257E+02
 1165.9118   1.0045E+01   1.0036E+01   8.4462E+01   1.1318E+02
 1179.5348   1.0104E+01   1.0095E+01   8.5192E+01   1.1379E+02
 1193.3170   1.0163E+01   1.0154E+01   8.5926E+01   1.1441E+02
 1207.2601   1.0222E+01   1.0213E+01   8.6663E+01   1.1502E+02
 1221.3662   1.0282E+01   1.0273E+01   8.7403E+01   1.1564E+02
 1235.6372   1.0342E+01   1.0333E+01   8.8146E+01   1.1627E+02
 1250.0748   1.0403E+01   1.0394E+01   8.8892E+01   1.1689E+02
 1264.6812   1.0464E+01   1.0455E+01   8.9640E+01   1.1752E+02
 1279.4582   1.0525E+01   1.0516E+01   9.0391E+01   1.1815E+02
 1294.4079   1.0586E+01   1.0578E+01   9.1145E+01   1.1878E+02
 1309.5323   1.0648E+01   1.0640E+01   9.1901E+01   1.1941E+02
 1324.8334   1.0711E+01   1.0702E+01   9.2660E+01   1.2005E+02
 1340.3133   1.0773E+01   1.0765E+01   9.3420E+01   1.2069E+02
 1355.9740   1.0830E+01   1.0822E+01   9.4078E+01   1.2123E+02
 1371.8177   1.0893E+01   1.0885E+01   9.4844E+01   1.2187E+02
 1387.8466   1.0957E+01   1.0949E+01   9.5615E+01   1.2252E+02
 1404.0627   1.1021E+01   1.1013E+01   9.6390E+01   1.2317E+02
 1420.4684   1.1085E+01   1.1077E+01   9.7169E+01   1.2383E+02
 1437.0657   1.1150E+01   1.1142E+01   9.7952E+01   1.2448E+02
 1453.8569   1.1216E+01   1.1208E+01   9.8740E+01   1.2515E+02
 1470.8443   1.1282E+01   1.1273E+01   9.9530E+01   1.2581E+02
 1488.0303   1.1348E+01   1.1340E+01   1.0033E+02   1.2648E+02
 1505.4170   1.1414E+01   1.1406E+01   1.0112E+02   1.2716E+02
 1523.0069   1.1481E+01   1.1473E+01   1.0193E+02   1.2783E+02
 1540.8023   1.1549E+01   1.1541E+01   1.0273E+02   1.2851E+02
 1558.8056   1.1617E+01   1.1609E+01   1.0354E+02   1.2920E+02
 1577.0193   1.1685E+01   1.1677E+01   1.0435E+02   1.2988E+02
 1595.4458   1.1753E+01   1.1746E+01   1.0517E+02   1.3057E+02
 1614.0877   1.1822E+01   1.1815E+01   1.0599E+02   1.3127E+02
 1632.9473   1.1892E+01   1.1884E+01   1.0681E+02   1.3196E+02
 1652.0273   1.1961E+01   1.1954E+01   1.0763E+02   1.3266E+02
 1671.3302   1.2032E+01   1.2024E+01   1.0846E+02   1.3336E+02
 1690.8587   1.2102E+01   1.2094E+01   1.0929E+02   1.3407E+02
 1710.6154   1.2173E+01   1.2165E+01   1.1012E+02   1.3478E+02
 1730.6029   1.2244E+01   1.2237E+01   1.1096E+02   1.3549E+02
 1750.8239   1.2301E+01   1.2294E+01   1.1155E+02   1.3600E+02
 1771.2812   1.2373E+01   1.2366E+01   1.1239E+02   1.3671E+02
 1791.9776   1.2446E+01   1.2438E+01   1.1323E+02   1.3743E+02
 1812.9157   1.2519E+01   1.2511E+01   1.1408E+02   1.3816E+02
 1834.0986   1.2592E+01   1.2585E+01   1.1494E+02   1.3889E+02
 1855.5289   1.2666E+01   1.2659E+01   1.1580E+02   1.3963E+02
 1877.2096   1.2741E+01   1.2734E+01   1.1667E+02   1.4037E+02
 1899.1437   1.2816E+01   1.2809E+01   1.1754E+02   1.4112E+02
 1921.3340   1.2891E+01   1.2884E+01   1.1841E+02   1.4187E+02
 1943.7836   1.2967E+01   1.2960E+01   1.1930E+02   1.4262E+02
 1966.4956   1.3044E+01   1.3037E+01   1.2018E+02   1.4338E+02
 1989.4729   1.3121E+01   1.3114E+01   1.2107E+02   1.4415E+02
 2012.7187   1.3198E+01   1.3191E+01   1.2197E+02   1.4492E+02
 2036.2360   1.3276E+01   1.3269E+01   1.2287E+02   1.4570E+02
 2060.0282   1.3355E+01   1.3348E+01   1.2377E+02   1.4648E+02
 2084.0984   1.3434E+01   1.3427E+01   1.2468E+02   1.4726E+02
 2108.4498   1.3513E+01   1.3506E+01   1.2559E+02   1.4805E+02
 2133.0858   1.3593E+01   1.3586E+01   1.2651E+02   1.4884E+02
 2158.0096   1.3674E+01   1.3667E+01   1.2743E+02   1.4964E+02
 2183.2246   1.3754E+01   1.3748E+01   1.2836E+02   1.5044E+02
 2208.7343   1.3836E+01   1.3829E+01   1.2929E+02   1.5125E+02
 2234.5420   1.3917E+01   1.3911E+01   1.3022E+02   1.5206E+02
 2260.6513   1.4000E+01   1.3993E+01   1.3116E+02   1.5287E+02
 2287.0656   1.4082E+01   1.4076E+01   1.3210E+02   1.5369E+02
 2313.7886   1.4165E+01   1.4159E+01   1.3304E+02   1.5452E+02
 2340.8238   1.4249E+01   1.4242E+01   1.3399E+02   1.5534E+02
 2368.1749   1.4333E+01   1.4326E+01   1.3494E+02   1.5617E+02
 2395.8456   1.4417E+01   1.4410E+01   1.3589E+02   1.5701E+02
 2423.8396   1.4502E+01   1.4495E+01   1.3685E+02   1.5785E+02
 2452.1607   1.4587E+01   1.4580E+01   1.3781E+02   1.5869E+02
 2480.8127   1.4672E+01   1.4666E+01   1.3877E+02   1.5953E+02
 2509.7995   1.4725E+01   1.4719E+01   1.3921E+02   1.6001E+02
 2539.1250   1.4812E+01   1.4805E+01   1.4018E+02   1.6087E+02
 2568.7931   1.4899E+01   1.4892E+01   1.4115E+02   1.6172E+02
 2598.8079   1.4986E+01   1.4980E+01   1.4213E+02   1.6259E+02
 2629.1734   1.5074E+01   1.5068E+01   1.4312E+02   1.6346E+02
 2659.8937   1.5163E+01   1.5156E+01   1.4411E+02   1.6434E+02
 2690.9729   1.5252E+01   1.5246E+01   1.4510E+02   1.6522E+02
 2722.4153   1.5342E+01   1.5335E+01   1.4610E+02   1.6611E+02
 2754.2251   1.5432E+01   1.5426E+01   1.4711E+02   1.6700E+02
 2786.4065   1.5523E+01   1.5516E+01   1.4812E+02   1.6790E+02
 2818.9640   1.5614E+01   1.5608E+01   1.4914E+02   1.6880E+02
 2851.9019   1.5706E+01   1.5700E+01   1.5016E+02   1.6971E+02
 2885.2246   1.5798E+01   1.5792E+01   1.5119E+02   1.7063E+02
 2918.9367   1.5891E+01   1.5885E+01   1.5222E+02   1.7155E+02
 2953.0427   1.5985E+01   1.5979E+01   1.5325E+02   1.7247E+02
 2987.5472   1.6079E+01   1.6073E+01   1.5429E+02   1.7340E+02
 3022.4549   1.6173E+01   1.6167E+01   1.5533E+02   1.7434E+02
 3057.7704   1.6268E+01   1.6262E+01   1.5638E+02   1.7527E+02
 3093.4986   1.6363E+01   1.6358E+01   1.5743E+02   1.7622E+02
 3129.6443   1.6459E+01   1.6453E+01   1.5849E+02   1.7717E+02
 3166.2123   1.6556E+01   1.6550E+01   1.5955E+02   1.7812E+02
 3203.2076   1.6652E+01   1.6647E+01   1.6061E+02   1.7908E+02
 3240.6351   1.6750E+01   1.6744E+01   1.6168E+02   1.8004E+02
 3278.4999   1.6842E+01   1.6836E+01   1.6267E+02   1.8095E+02
 3316.8072   1.6940E+01   1.6934E+01   1.6374E+02   1.8193E+02
 3355.5621   1.7039E+01   1.7033E+01   1.6482E+02   1.8291E+02
 3394.7698   1.7138E+01   1.7133E+01   1.6591E+02   1.8389E+02
 3434.4356   1.7238E+01   1.7233E+01   1.6701E+02   1.8488E+02
 3474.5649   1.7339E+01   1.7334E+01   1.6810E+02   1.8588E+02
 3515.1631   1.7440E+01   1.7435E+01   1.6921E+02   1.8689E+02
 3556.2357   1.7542E+01   1.7537E+01   1.7032E+02   1.8790E+02
 3597.7881   1.7645E+01   1.7640E+01   1.7144E+02   1.8891E+02
 3639.8261   1.7748E+01   1.7743E+01   1.7256E+02   1.8994E+02
 3682.3552   1.7851E+01   1.7846E+01   1.7369E+02   1.9097E+02
 3725.3813   1.7956E+01   1.7951E+01   1.7482E+02   1.9200E+02
 3768.9101   1.8060E+01   1.8055E+01   1.7596E+02   1.9304E+02
 3812.9476   1.8166E+01   1.8161E+01   1.7710E+02   1.9409E+02
 3857.4995   1.8268E+01   1.8263E+01   1.7820E+02   1.9511E+02
 3902.5721   1.8375E+01   1.8370E+01   1.7935E+02   1.9616E+02
 3948.1713   1.8482E+01   1.8477E+01   1.8052E+02   1.9723E+02
 3994.3033   1.8590E+01   1.8585E+01   1.8168E+02   1.9830E+02
 4040.9743   1.8699E+01   1.8694E+01   1.8286E+02   1.9938E+02
 4088.1906   1.8808E+01   1.8803E+01   1.8404E+02   2.0047E+02
 4135.9586   1.8918E+01   1.8913E+01   1.8523E+02   2.0156E+02
 4184.2848   1.9029E+01   1.9024E+01   1.8642E+02   2.0266E+02
 4233.1756   1.9140E+01   1.9135E+01   1.8762E+02   2.0377E+02
 4282.6377   1.9252E+01   1.9247E+01   1.8883E+02   2.0488E+02
 4332.6777   1.9364E+01   1.9360E+01   1.9004E+02   2.0600E+02
 4383.3024   1.9478E+01   1.9473E+01   1.9126E+02   2.0713E+02
 4434.5186   1.9591E+01   1.9587E+01   1.9248E+02   2.0826E+02
 4486.3333   1.9706E+01   1.9701E+01   1.9371E+02   2.0940E+02
 4538.7534   1.9821E+01   1.9816E+01   1.9495E+02   2.1054E+02
 4591.7860   1.9929E+01   1.9924E+01   1.9609E+02   2.1162E+02
 4645.4382   2.0045E+01   2.0041E+01   1.9734E+02   2.1278E+02
 4699.7173   2.0162E+01   2.0158E+01   1.9860E+02   2.1395E+02
 4754.6307   2.0280E+01   2.0276E+01   1.9986E+02   2.1512E+02
 4810.1856   2.0399E+01   2.0395E+01   2.0113E+02   2.1631E+02
 4866.3897   2.0518E+01   2.0514E+01   2.0241E+02   2.1750E+02
 4923.2505   2.0639E+01   2.0635E+01   2.0370E+02   2.1870E+02
 4980.7757   2.0760E+01   2.0756E+01   2.0500E+02   2.1991E+02
 5038.9731   2.0882E+01   2.0878E+01   2.0630E+02   2.2112E+02
 5097.8504   2.1004E+01   2.1000E+01   2.0761E+02   2.2235E+02
 5157.4157   2.1128E+01   2.1124E+01   2.0893E+02   2.2358E+02
 5217.6770   2.1252E+01   2.1248E+01   2.1026E+02   2.2482E+02
 5278.6424   2.1377E+01   2.1373E+01   2.1159E+02   2.2607E+02
 5340.3201   2.1502E+01   2.1498E+01   2.1293E+02   2.2732E+02
 5402.7185   2.1629E+01   2.1625E+01   2.1428E+02   2.2858E+02
 5465.8460   2.1756E+01   2.1752E+01   2.1564E+02   2.2985E+02
 5529.7111   2.1884E+01   2.1880E+01   2.1700E+02   2.3113E+02
 5594.3224   2.2012E+01   2.2008E+01   2.1837E+02   2.3241E+02
 5659.6886   2.2141E+01   2.2138E+01   2.1974E+02   2.3371E+02
 5725.8187   2.2271E+01   2.2267E+01   2.2113E+02   2.3500E+02
 5792.7214   2.2402E+01   2.2398E+01   2.2251E+02   2.3631E+02
 5860.4058   2.2533E+01   2.2529E+01   2.2391E+02   2.3762E+02
 5928.8811   2.2665E+01   2.2661E+01   2.2531E+02   2.3894E+02
 5998.1565   2.2797E+01   2.2794E+01   2.2671E+02   2.4027E+02
 6068.2413   2.2896E+01   2.2892E+01   2.2770E+02   2.4128E+02
 6139.1450   2.3030E+01   2.3026E+01   2.2912E+02   2.4262E+02
 6210.8772   2.3165E+01   2.3161E+01   2.3056E+02   2.4398E+02
 6283.4475   2.3302E+01   2.3297E+01   2.3200E+02   2.4534E+02
 6356.8658   2.3439E+01   2.3435E+01   2.3345E+02   2.4671E+02
 6431.1419   2.3577E+01   2.3572E+01   2.3491E+02   2.4810E+02
 6506.2859   2.3715E+01   2.3711E+01   2.3638E+02   2.4949E+02
 6582.3079   2.3855E+01   2.3851E+01   2.3786E+02   2.5089E+02
 6659.2182   2.3996E+01   2.3992E+01   2.3935E+02   2.5230E+02
 6737.0271   2.4138E+01   2.4134E+01   2.4085E+02   2.5372E+02
 6815.7452   2.4280E+01   2.4276E+01   2.4236E+02   2.5515E+02
 6895.3830   2.4424E+01   2.4420E+01   2.4388E+02   2.5659E+02
 6975.9514   2.4568E+01   2.4564E+01   2.4540E+02   2.5804E+02
 7057.4611   2.4713E+01   2.4709E+01   2.4694E+02   2.5950E+02
 7139.9233   2.4859E+01   2.4855E+01   2.4848E+02   2.6096E+02
 7223.3489   2.5006E+01   2.5002E+01   2.5004E+02   2.6244E+02
 7307.7494   2.5154E+01   2.5150E+01   2.5160E+02   2.6392E+02
 7393.1360   2.5303E+01   2.5299E+01   2.5317E+02   2.6542E+02
 7479.5203   2.5452E+01   2.5448E+01   2.5474E+02   2.6692E+02
 7566.9139   2.5603E+01   2.5599E+01   2.5633E+02   2.6843E+02
 7655.3287   2.5754E+01   2.5750E+01   2.5792E+02   2.6995E+02
 7744.7766   2.5906E+01   2.5902E+01   2.5952E+02   2.7147E+02
 7835.2696   2.6059E+01   2.6055E+01   2.6113E+02   2.7301E+02
 7926.8200   2.6212E+01   2.6208E+01   2.6275E+02   2.7455E+02
 8019.4401   2.6366E+01   2.6362E+01   2.6437E+02   2.7610E+02
 8113.1424   2.6521E+01   2.6517E+01   2.6600E+02   2.7766E+02
 8207.9395   2.6677E+01   2.6673E+01   2.6764E+02   2.7923E+02
 8303.8443   2.6833E+01   2.6830E+01   2.6928E+02   2.8081E+02
 8400.8697   2.6991E+01   2.6987E+01   2.7094E+02   2.8239E+02
 8499.0287   2.7148E+01   2.7145E+01   2.7259E+02   2.8398E+02
 8598.3347   2.7259E+01   2.7256E+01   2.7370E+02   2.8512E+02
 8698.8010   2.7419E+01   2.7415E+01   2.7538E+02   2.8673E+02
 8800.4412   2.7580E+01   2.7576E+01   2.7706E+02   2.8835E+02
 8903.2691   2.7741E+01   2.7738E+01   2.7876E+02   2.8998E+02
 9007.2983   2.7904E+01   2.7901E+01   2.8047E+02   2.9162E+02
 9112.5432   2.8068E+01   2.8065E+01   2.8219E+02   2.9327E+02
 9219.0177   2.8233E+01   2.8230E+01   2.8392E+02   2.9493E+02
 9326.7363   2.8399E+01   2.8396E+01   2.8566E+02   2.9661E+02
 9435.7136   2.8566E+01   2.8563E+01   2.8741E+02   2.9829E+02
 9545.9642   2.8734E+01   2.8731E+01   2.8917E+02   2.9998E+02
 9657.5029   2.8903E+01   2.8899E+01   2.9093E+02   3.0169E+02
 9770.3450   2.9072E+01   2.9069E+01   2.9271E+02   3.0340E+02
 9884.5056   2.9243E+01   2.9240E+01   2.9450E+02   3.0513E+02
10000.0000   2.9415E+01   2.9412E+01   2.9630E+02   3.0686E+02
