    0.0912   1.0940E+00   3.3981E-01
    0.0923   1.0990E+00   3.4497E-01
    0.0933   1.1043E+00   3.5005E-01
    0.0944   1.1098E+00   3.5504E-01
    0.0955   1.1155E+00   3.5992E-01
    0.0967   1.1215E+00   3.6468E-01
    0.0978   1.1277E+00   3.6932E-01
    0.0989   1.1341E+00   3.7383E-01
    0.1001   1.1406E+00   3.7820E-01
    0.1013   1.1474E+00   3.8242E-01
    0.1024   1.1544E+00   3.8620E-01
    0.1036   1.1610E+00   3.9011E-01
    0.1048   1.1679E+00   3.9404E-01
    0.1061   1.1750E+00   3.9796E-01
    0.1073   1.1822E+00   4.0184E-01
    0.1086   1.1894E+00   4.0560E-01
    0.1098   1.1968E+00   4.0956E-01
    0.1111   1.2045E+00   4.1358E-01
    0.1124   1.2123E+00   4.1769E-01
    0.1137   1.2205E+00   4.2184E-01
    0.1151   1.2290E+00   4.2600E-01
    0.1164   1.2378E+00   4.3020E-01
    0.1178   1.2470E+00   4.3434E-01
    0.1191   1.2563E+00   4.3865E-01
    0.1205   1.2662E+00   4.4307E-01
    0.1219   1.2765E+00   4.4759E-01
    0.1234   1.2874E+00   4.5248E-01
    0.1248   1.2993E+00   4.5704E-01
    0.1263   1.3117E+00   4.6158E-01
    0.1277   1.3245E+00   4.6694E-01
    0.1292   1.3400E+00   4.7101E-01
    0.1307   1.3558E+00   4.7393E-01
    0.1323   1.3733E+00   4.7504E-01
    0.1338   1.3842E+00   4.7437E-01
    0.1354   1.3967E+00   4.7863E-01
    0.1370   1.4112E+00   4.8541E-01
    0.1386   1.4249E+00   4.9160E-01
    0.1402   1.4413E+00   5.0552E-01
    0.1418   1.4626E+00   5.2271E-01
    0.1435   1.5026E+00   5.7198E-01
    0.1451   1.5787E+00   5.7402E-01
    0.1468   1.6517E+00   5.5967E-01
    0.1486   1.7301E+00   5.3105E-01
    0.1503   1.8057E+00   4.7237E-01
    0.1520   1.8761E+00   3.7335E-01
    0.1538   1.8694E+00   2.5665E-01
    0.1556   1.8467E+00   1.7355E-01
    0.1574   1.8115E+00   1.0109E-01
    0.1593   1.7602E+00   4.8496E-02
    0.1611   1.7016E+00   1.6021E-02
    0.1630   1.6572E+00   2.0755E-02
    0.1649   1.6323E+00   1.3846E-02
    0.1669   1.6089E+00   7.7947E-03
    0.1688   1.5867E+00   2.5142E-03
    0.1708   1.5660E+00   5.3471E-04
    0.1728   1.5491E+00   5.8670E-05
    0.1748   1.5347E+00   3.2592E-05
    0.1768   1.5222E+00   1.8513E-05
    0.1789   1.5111E+00   4.2268E-06
    0.1810   1.5012E+00   1.9842E-06
    0.1831   1.4921E+00   1.3162E-06
    0.1852   1.4839E+00   1.9846E-07
    0.1874   1.4764E+00   1.3804E-07
    0.1896   1.4695E+00   1.2996E-07
    0.1918   1.4630E+00   1.3008E-07
    0.1941   1.4571E+00   1.3000E-07
    0.1963   1.4515E+00   1.2998E-07
    0.1986   1.4463E+00   1.3036E-07
    0.2009   1.4414E+00   1.2958E-07
    0.2033   1.4368E+00   1.2863E-07
    0.2057   1.4325E+00   1.2568E-07
    0.2081   1.4285E+00   1.1978E-07
    0.2105   1.4246E+00   1.1508E-07
    0.2130   1.4210E+00   1.1073E-07
    0.2154   1.4176E+00   1.0702E-07
    0.2180   1.4143E+00   1.0416E-07
    0.2205   1.4112E+00   1.0135E-07
    0.2231   1.4082E+00   9.7788E-08
    0.2257   1.4054E+00   9.4167E-08
    0.2283   1.4027E+00   9.0366E-08
    0.2310   1.4001E+00   8.6614E-08
    0.2337   1.3977E+00   8.3004E-08
    0.2364   1.3953E+00   7.9168E-08
    0.2392   1.3931E+00   7.5202E-08
    0.2420   1.3909E+00   7.0994E-08
    0.2448   1.3889E+00   6.6531E-08
    0.2477   1.3869E+00   6.2585E-08
    0.2506   1.3850E+00   5.9479E-08
    0.2535   1.3831E+00   5.7694E-08
    0.2565   1.3814E+00   5.6296E-08
    0.2594   1.3797E+00   5.5410E-08
    0.2625   1.3780E+00   5.4142E-08
    0.2655   1.3765E+00   5.2718E-08
    0.2686   1.3750E+00   5.1079E-08
    0.2718   1.3735E+00   4.9525E-08
    0.2750   1.3721E+00   4.7996E-08
    0.2782   1.3707E+00   4.6473E-08
    0.2814   1.3694E+00   4.4915E-08
    0.2847   1.3682E+00   4.3322E-08
    0.2880   1.3669E+00   4.1729E-08
    0.2914   1.3658E+00   4.0136E-08
    0.2948   1.3646E+00   3.8555E-08
    0.2983   1.3635E+00   3.6891E-08
    0.3017   1.3624E+00   3.5077E-08
    0.3053   1.3614E+00   3.3113E-08
    0.3088   1.3604E+00   3.1070E-08
    0.3124   1.3594E+00   2.9021E-08
    0.3161   1.3585E+00   2.6973E-08
    0.3198   1.3576E+00   2.4921E-08
    0.3235   1.3567E+00   2.2820E-08
    0.3273   1.3558E+00   2.0694E-08
    0.3311   1.3550E+00   1.8545E-08
    0.3350   1.3542E+00   1.6402E-08
    0.3389   1.3534E+00   1.4178E-08
    0.3429   1.3527E+00   1.1750E-08
    0.3469   1.3519E+00   9.4409E-09
    0.3509   1.3512E+00   7.7899E-09
    0.3550   1.3505E+00   7.1349E-09
    0.3592   1.3498E+00   7.0348E-09
    0.3634   1.3492E+00   6.7431E-09
    0.3676   1.3485E+00   6.2971E-09
    0.3719   1.3479E+00   5.7958E-09
    0.3763   1.3473E+00   5.3616E-09
    0.3807   1.3467E+00   4.9367E-09
    0.3851   1.3462E+00   4.4982E-09
    0.3896   1.3456E+00   4.0365E-09
    0.3942   1.3451E+00   3.5404E-09
    0.3988   1.3445E+00   3.1076E-09
    0.4034   1.3440E+00   2.8087E-09
    0.4081   1.3435E+00   2.6112E-09
    0.4129   1.3430E+00   2.4145E-09
    0.4177   1.3426E+00   2.1893E-09
    0.4226   1.3421E+00   1.9569E-09
    0.4275   1.3416E+00   1.7296E-09
    0.4325   1.3412E+00   1.5043E-09
    0.4376   1.3408E+00   1.2694E-09
    0.4427   1.3404E+00   1.0008E-09
    0.4479   1.3400E+00   7.7771E-10
    0.4531   1.3396E+00   6.7671E-10
    0.4584   1.3392E+00   7.0569E-10
    0.4638   1.3388E+00   7.3721E-10
    0.4692   1.3384E+00   7.3957E-10
    0.4747   1.3381E+00   7.4744E-10
    0.4802   1.3377E+00   7.6058E-10
    0.4858   1.3374E+00   7.7402E-10
    0.4915   1.3370E+00   7.7919E-10
    0.4972   1.3367E+00   7.8660E-10
    0.5031   1.3364E+00   8.3483E-10
    0.5089   1.3361E+00   9.2323E-10
    0.5149   1.3358E+00   1.0106E-09
    0.5209   1.3355E+00   1.0921E-09
    0.5270   1.3352E+00   1.1747E-09
    0.5331   1.3349E+00   1.2758E-09
    0.5394   1.3346E+00   1.3513E-09
    0.5457   1.3343E+00   1.3674E-09
    0.5520   1.3340E+00   1.6754E-09
    0.5585   1.3338E+00   2.4026E-09
    0.5650   1.3335E+00   3.1720E-09
    0.5716   1.3333E+00   3.8760E-09
    0.5783   1.3330E+00   4.6126E-09
    0.5851   1.3328E+00   5.3589E-09
    0.5919   1.3325E+00   6.1035E-09
    0.5988   1.3323E+00   6.8661E-09
    0.6058   1.3321E+00   7.6912E-09
    0.6129   1.3318E+00   8.5490E-09
    0.6201   1.3316E+00   9.4043E-09
    0.6273   1.3314E+00   1.0270E-08
    0.6346   1.3312E+00   1.1217E-08
    0.6420   1.3309E+00   1.1891E-08
    0.6495   1.3307E+00   1.2944E-08
    0.6571   1.3305E+00   1.5696E-08
    0.6648   1.3303E+00   1.8972E-08
    0.6726   1.3301E+00   2.1997E-08
    0.6804   1.3299E+00   2.5198E-08
    0.6884   1.3297E+00   2.8435E-08
    0.6964   1.3295E+00   2.9947E-08
    0.7046   1.3293E+00   4.1952E-08
    0.7128   1.3292E+00   6.3143E-08
    0.7211   1.3290E+00   8.2172E-08
    0.7296   1.3288E+00   1.0180E-07
    0.7381   1.3286E+00   1.2132E-07
    0.7467   1.3284E+00   1.4321E-07
    0.7554   1.3282E+00   1.5173E-07
    0.7643   1.3281E+00   1.4694E-07
    0.7732   1.3279E+00   1.4155E-07
    0.7822   1.3277E+00   1.3968E-07
    0.7914   1.3275E+00   1.3592E-07
    0.8006   1.3274E+00   1.3572E-07
    0.8100   1.3272E+00   1.6171E-07
    0.8194   1.3270E+00   1.9002E-07
    0.8290   1.3268E+00   2.1700E-07
    0.8387   1.3267E+00   2.4428E-07
    0.8485   1.3265E+00   2.7199E-07
    0.8584   1.3263E+00   3.1112E-07
    0.8684   1.3262E+00   3.5183E-07
    0.8786   1.3260E+00   3.9321E-07
    0.8888   1.3258E+00   4.3017E-07
    0.8992   1.3257E+00   4.7728E-07
    0.9097   1.3255E+00   9.0918E-07
    0.9204   1.3253E+00   1.4144E-06
    0.9311   1.3252E+00   1.8952E-06
    0.9420   1.3250E+00   2.4024E-06
    0.9530   1.3248E+00   2.8629E-06
    0.9641   1.3246E+00   3.3933E-06
    0.9754   1.3245E+00   3.4549E-06
    0.9868   1.3243E+00   3.1307E-06
    0.9983   1.3241E+00   2.8602E-06
    1.0100   1.3239E+00   2.6019E-06
    1.0218   1.3238E+00   2.3594E-06
    1.0337   1.3236E+00   2.0545E-06
    1.0458   1.3234E+00   1.8808E-06
    1.0580   1.3232E+00   1.7673E-06
    1.0704   1.3230E+00   1.7158E-06
    1.0829   1.3228E+00   1.5193E-06
    1.0956   1.3226E+00   1.5762E-06
    1.1084   1.3224E+00   2.0640E-06
    1.1213   1.3222E+00   2.8230E-06
    1.1344   1.3220E+00   4.3511E-06
    1.1477   1.3218E+00   5.4746E-06
    1.1611   1.3216E+00   6.5952E-06
    1.1746   1.3214E+00   7.6944E-06
    1.1884   1.3212E+00   9.1752E-06
    1.2023   1.3210E+00   1.0061E-05
    1.2163   1.3207E+00   1.0785E-05
    1.2305   1.3205E+00   1.1499E-05
    1.2449   1.3203E+00   1.1759E-05
    1.2594   1.3200E+00   1.1625E-05
    1.2742   1.3198E+00   1.1100E-05
    1.2890   1.3195E+00   8.5417E-06
    1.3041   1.3192E+00   8.7234E-06
    1.3193   1.3190E+00   9.9382E-06
    1.3348   1.3187E+00   1.3511E-05
    1.3504   1.3184E+00   1.6612E-05
    1.3661   1.3181E+00   3.5456E-05
    1.3821   1.3177E+00   6.6430E-05
    1.3982   1.3174E+00   1.1988E-04
    1.4146   1.3170E+00   1.9099E-04
    1.4311   1.3167E+00   3.0225E-04
    1.4478   1.3164E+00   4.0203E-04
    1.4647   1.3161E+00   4.9068E-04
    1.4819   1.3158E+00   5.7585E-04
    1.4992   1.3156E+00   6.5286E-04
    1.5167   1.3153E+00   6.8478E-04
    1.5344   1.3151E+00   6.7018E-04
    1.5523   1.3148E+00   6.5342E-04
    1.5705   1.3144E+00   6.2795E-04
    1.5888   1.3141E+00   5.7467E-04
    1.6074   1.3136E+00   5.4791E-04
    1.6262   1.3132E+00   5.3149E-04
    1.6452   1.3128E+00   5.3154E-04
    1.6644   1.3123E+00   5.2322E-04
    1.6838   1.3118E+00   5.1859E-04
    1.7035   1.3114E+00   5.0860E-04
    1.7234   1.3109E+00   4.8730E-04
    1.7436   1.3103E+00   4.5540E-04
    1.7639   1.3097E+00   4.3203E-04
    1.7845   1.3091E+00   4.0405E-04
    1.8054   1.3084E+00   3.9477E-04
    1.8265   1.3077E+00   3.9660E-04
    1.8478   1.3069E+00   4.2652E-04
    1.8694   1.3061E+00   5.2441E-04
    1.8913   1.3052E+00   6.7806E-04
    1.9134   1.3044E+00   9.0069E-04
    1.9357   1.3035E+00   1.2275E-03
    1.9583   1.3029E+00   1.5263E-03
    1.9812   1.3022E+00   1.7723E-03
    2.0044   1.3016E+00   1.9459E-03
    2.0278   1.3010E+00   1.9458E-03
    2.0515   1.3002E+00   1.7857E-03
    2.0755   1.2993E+00   1.6256E-03
    2.0997   1.2982E+00   1.3954E-03
    2.1242   1.2970E+00   1.2338E-03
    2.1491   1.2956E+00   1.0971E-03
    2.1742   1.2942E+00   9.7538E-04
    2.1996   1.2926E+00   8.7403E-04
    2.2253   1.2910E+00   7.6461E-04
    2.2513   1.2891E+00   6.5331E-04
    2.2776   1.2871E+00   5.7247E-04
    2.3042   1.2849E+00   5.1951E-04
    2.3311   1.2824E+00   5.1020E-04
    2.3584   1.2798E+00   5.3769E-04
    2.3859   1.2770E+00   5.8311E-04
    2.4138   1.2738E+00   6.1993E-04
    2.4420   1.2704E+00   6.5081E-04
    2.4705   1.2665E+00   6.6053E-04
    2.4994   1.2621E+00   6.4022E-04
    2.5286   1.2570E+00   5.0682E-04
    2.5581   1.2507E+00   3.1877E-04
    2.5880   1.2432E+00   6.6548E-04
    2.6183   1.2343E+00   1.7988E-03
    2.6489   1.2253E+00   4.4318E-03
    2.6798   1.2152E+00   4.4450E-03
    2.7111   1.1982E+00   4.5040E-03
    2.7428   1.1773E+00   9.6296E-03
    2.7749   1.1527E+00   1.5450E-02
    2.8073   1.1003E+00   2.3658E-02
    2.8401   1.0519E+00   9.7548E-02
    2.8733   1.0377E+00   1.8032E-01
    2.9068   1.0688E+00   2.7382E-01
    2.9408   1.1251E+00   3.4792E-01
    2.9752   1.2034E+00   3.9870E-01
    3.0099   1.2962E+00   4.2547E-01
    3.0451   1.3903E+00   4.1608E-01
    3.0807   1.4757E+00   3.8137E-01
    3.1167   1.5470E+00   3.2175E-01
    3.1531   1.5843E+00   2.3974E-01
    3.1899   1.5939E+00   1.6120E-01
    3.2272   1.5776E+00   9.5381E-02
    3.2649   1.5462E+00   4.8266E-02
    3.3031   1.5123E+00   2.2265E-02
    3.3416   1.4826E+00   9.5075E-03
    3.3807   1.4590E+00   5.2696E-03
    3.4202   1.4426E+00   3.9160E-03
    3.4602   1.4304E+00   3.6153E-03
    3.5006   1.4206E+00   2.9586E-03
    3.5415   1.4124E+00   2.5404E-03
    3.5829   1.4055E+00   2.0880E-03
    3.6247   1.3993E+00   1.6353E-03
    3.6671   1.3936E+00   1.3135E-03
    3.7099   1.3884E+00   1.2537E-03
    3.7533   1.3837E+00   1.5570E-03
    3.7971   1.3797E+00   1.9760E-03
    3.8415   1.3761E+00   2.2648E-03
    3.8864   1.3727E+00   2.5776E-03
    3.9318   1.3694E+00   3.0974E-03
    3.9777   1.3666E+00   3.7558E-03
    4.0242   1.3640E+00   4.4120E-03
    4.0712   1.3616E+00   5.0598E-03
    4.1188   1.3593E+00   5.8005E-03
    4.1669   1.3573E+00   6.6655E-03
    4.2156   1.3555E+00   7.5621E-03
    4.2649   1.3539E+00   8.4397E-03
    4.3147   1.3523E+00   9.3561E-03
    4.3651   1.3508E+00   1.0471E-02
    4.4161   1.3495E+00   1.2240E-02
    4.4677   1.3495E+00   1.4392E-02
    4.5199   1.3508E+00   1.5808E-02
    4.5727   1.3526E+00   1.5646E-02
    4.6262   1.3538E+00   1.3929E-02
    4.6802   1.3539E+00   1.1579E-02
    4.7349   1.3529E+00   9.2996E-03
    4.7902   1.3514E+00   7.4726E-03
    4.8462   1.3497E+00   6.0020E-03
    4.9028   1.3479E+00   4.4570E-03
    4.9601   1.3454E+00   2.6180E-03
    5.0181   1.3422E+00   1.5069E-03
    5.0767   1.3389E+00   1.3339E-03
    5.1360   1.3362E+00   1.4098E-03
    5.1960   1.3335E+00   1.2976E-03
    5.2568   1.3304E+00   1.1133E-03
    5.3182   1.3269E+00   1.1939E-03
    5.3803   1.3231E+00   1.7097E-03
    5.4432   1.3191E+00   2.2063E-03
    5.5068   1.3140E+00   3.1211E-03
    5.5711   1.3082E+00   5.4317E-03
    5.6362   1.3016E+00   8.6416E-03
    5.7021   1.2935E+00   1.4704E-02
    5.7687   1.2857E+00   2.6446E-02
    5.8361   1.2835E+00   4.4697E-02
    5.9043   1.2928E+00   6.3469E-02
    5.9733   1.3092E+00   7.3710E-02
    6.0431   1.3272E+00   7.5847E-02
    6.1137   1.3439E+00   6.8099E-02
    6.1851   1.3501E+00   5.3300E-02
    6.2574   1.3480E+00   4.4802E-02
    6.3305   1.3465E+00   4.1185E-02
    6.4045   1.3459E+00   3.8031E-02
    6.4793   1.3452E+00   3.5303E-02
    6.5550   1.3443E+00   3.2721E-02
    6.6316   1.3431E+00   3.0643E-02
    6.7091   1.3420E+00   2.8977E-02
    6.7875   1.3409E+00   2.7216E-02
    6.8668   1.3395E+00   2.5868E-02
    6.9470   1.3384E+00   2.4455E-02
    7.0282   1.3368E+00   2.3120E-02
    7.1103   1.3353E+00   2.2408E-02
    7.1934   1.3346E+00   2.1599E-02
    7.2774   1.3333E+00   1.9559E-02
    7.3625   1.3315E+00   1.8969E-02
    7.4485   1.3306E+00   1.7449E-02
    7.5355   1.3284E+00   1.5541E-02
    7.6236   1.3262E+00   1.4605E-02
    7.7127   1.3242E+00   1.3202E-02
    7.8028   1.3218E+00   1.2001E-02
    7.8939   1.3192E+00   1.0848E-02
    7.9862   1.3168E+00   9.6993E-03
    8.0795   1.3138E+00   7.7749E-03
    8.1739   1.3098E+00   7.3885E-03
    8.2694   1.3073E+00   6.5315E-03
    8.3660   1.3036E+00   5.0535E-03
    8.4638   1.2993E+00   4.3694E-03
    8.5627   1.2955E+00   4.1562E-03
    8.6627   1.2916E+00   2.9889E-03
    8.7639   1.2865E+00   2.0954E-03
    8.8663   1.2817E+00   2.1293E-03
    8.9699   1.2775E+00   6.0082E-04
    9.0748   1.2708E+00   2.3186E-04
    9.1808   1.2646E+00   1.4143E-04
    9.2881   1.2579E+00   1.0434E-04
    9.3966   1.2508E+00   1.1122E-04
    9.5064   1.2430E+00   1.0970E-04
    9.6175   1.2343E+00   1.0429E-04
    9.7298   1.2241E+00   7.3236E-05
    9.8435   1.2115E+00   1.5726E-03
    9.9585   1.1992E+00   5.1247E-03
   10.0749   1.1850E+00   8.1853E-03
   10.1926   1.1682E+00   1.4249E-02
   10.3117   1.1503E+00   2.4579E-02
   10.4322   1.1337E+00   3.9368E-02
   10.5541   1.1187E+00   5.6275E-02
   10.6774   1.1047E+00   7.6936E-02
   10.8022   1.0939E+00   1.0040E-01
   10.9284   1.0860E+00   1.2626E-01
   11.0561   1.0820E+00   1.5353E-01
   11.1852   1.0817E+00   1.8136E-01
   11.3159   1.0847E+00   2.0897E-01
   11.4482   1.0906E+00   2.3653E-01
   11.5819   1.1000E+00   2.6403E-01
   11.7173   1.1134E+00   2.9044E-01
   11.8542   1.1302E+00   3.1382E-01
   11.9927   1.1487E+00   3.3537E-01
   12.1328   1.1698E+00   3.5366E-01
   12.2746   1.1915E+00   3.6954E-01
   12.4180   1.2143E+00   3.8274E-01
   12.5631   1.2379E+00   3.9429E-01
   12.7099   1.2628E+00   4.0239E-01
   12.8584   1.2854E+00   4.0836E-01
   13.0086   1.3132E+00   4.1388E-01
   13.1606   1.3363E+00   4.1060E-01
   13.3144   1.3580E+00   4.1210E-01
   13.4700   1.3834E+00   4.0791E-01
   13.6274   1.4029E+00   4.0122E-01
   13.7866   1.4232E+00   3.9479E-01
   13.9477   1.4417E+00   3.8636E-01
   14.1106   1.4595E+00   3.7667E-01
   14.2755   1.4751E+00   3.6535E-01
   14.4423   1.4901E+00   3.5406E-01
   14.6111   1.5029E+00   3.4049E-01
   14.7818   1.5168E+00   3.2472E-01
   14.9545   1.5176E+00   3.0545E-01
   15.1292   1.5208E+00   2.9955E-01
   15.3060   1.5279E+00   2.9085E-01
   15.4849   1.5354E+00   2.7931E-01
   15.6658   1.5392E+00   2.6711E-01
   15.8488   1.5416E+00   2.5530E-01
   16.0340   1.5419E+00   2.4579E-01
   16.2214   1.5434E+00   2.3792E-01
   16.4109   1.5444E+00   2.2874E-01
   16.6026   1.5435E+00   2.2163E-01
   16.7966   1.5456E+00   2.1563E-01
   16.9929   1.5441E+00   2.0674E-01
   17.1915   1.5440E+00   2.0256E-01
   17.3923   1.5437E+00   1.9614E-01
   17.5955   1.5425E+00   1.9181E-01
   17.8011   1.5427E+00   1.8758E-01
   18.0091   1.5420E+00   1.8353E-01
   18.2196   1.5420E+00   1.8071E-01
   18.4324   1.5429E+00   1.7757E-01
   18.6478   1.5432E+00   1.7432E-01
   18.8657   1.5457E+00   1.7237E-01
   19.0861   1.5462E+00   1.6679E-01
   19.3091   1.5472E+00   1.6620E-01
   19.5348   1.5513E+00   1.6244E-01
   19.7630   1.5529E+00   1.5777E-01
   19.9939   1.5562E+00   1.5430E-01
   20.2275   1.5597E+00   1.4806E-01
   20.4639   1.5615E+00   1.4107E-01
   20.7030   1.5623E+00   1.3436E-01
   20.9449   1.5624E+00   1.2761E-01
   21.1896   1.5623E+00   1.2168E-01
   21.4372   1.5622E+00   1.1497E-01
   21.6877   1.5610E+00   1.0826E-01
   21.9411   1.5595E+00   1.0197E-01
   22.1975   1.5570E+00   9.6087E-02
   22.4568   1.5552E+00   9.1131E-02
   22.7192   1.5533E+00   8.5680E-02
   22.9847   1.5514E+00   7.9705E-02
   23.2533   1.5482E+00   7.4044E-02
   23.5250   1.5450E+00   6.8447E-02
   23.7998   1.5409E+00   6.4095E-02
   24.0779   1.5380E+00   5.9906E-02
   24.3593   1.5351E+00   5.5257E-02
   24.6439   1.5321E+00   4.9845E-02
   24.9318   1.5279E+00   4.3916E-02
   25.2231   1.5225E+00   3.8585E-02
   25.5179   1.5166E+00   3.4120E-02
   25.8160   1.5112E+00   3.1127E-02
   26.1177   1.5068E+00   2.7043E-02
   26.4228   1.5013E+00   2.1722E-02
   26.7316   1.4946E+00   1.6401E-02
   27.0439   1.4863E+00   1.1869E-02
   27.3599   1.4774E+00   8.6282E-03
   27.6796   1.4683E+00   6.3702E-03
   28.0030   1.4599E+00   4.7256E-03
   28.3302   1.4508E+00   1.9175E-03
   28.6612   1.4397E+00   7.3311E-04
   28.9961   1.4294E+00   1.2765E-03
   29.3349   1.4189E+00   1.0807E-03
   29.6777   1.4068E+00   1.6198E-03
   30.0244   1.3927E+00   4.2113E-03
   30.3753   1.3794E+00   1.1074E-02
   30.7302   1.3687E+00   1.8550E-02
   31.0892   1.3590E+00   2.6523E-02
   31.4525   1.3501E+00   3.4814E-02
   31.8200   1.3417E+00   4.3442E-02
   32.1918   1.3337E+00   5.2622E-02
   32.5679   1.3266E+00   6.2443E-02
   32.9485   1.3197E+00   7.2453E-02
   33.3335   1.3136E+00   8.4081E-02
   33.7229   1.3099E+00   9.5076E-02
   34.1170   1.3063E+00   1.0507E-01
   34.5156   1.3018E+00   1.1420E-01
   34.9189   1.2970E+00   1.2577E-01
   35.3269   1.2933E+00   1.3681E-01
   35.7397   1.2894E+00   1.4911E-01
   36.1573   1.2867E+00   1.6230E-01
   36.5798   1.2859E+00   1.7597E-01
   37.0072   1.2849E+00   1.8730E-01
   37.4396   1.2837E+00   2.0141E-01
   37.8770   1.2844E+00   2.1462E-01
   38.3196   1.2854E+00   2.2820E-01
   38.7673   1.2876E+00   2.3863E-01
   39.2203   1.2841E+00   2.5182E-01
   39.6786   1.2841E+00   2.6892E-01
   40.1422   1.2873E+00   2.8475E-01
   40.6112   1.2830E+00   3.0006E-01
   41.0858   1.2798E+00   3.2808E-01
   41.5658   1.2915E+00   3.6681E-01
   42.0515   1.3222E+00   4.0032E-01
   42.5428   1.3646E+00   4.1355E-01
   43.0399   1.3964E+00   3.9792E-01
   43.5428   1.4018E+00   3.8247E-01
   44.0516   1.4022E+00   3.9032E-01
   44.5663   1.4106E+00   4.0099E-01
   45.0870   1.4213E+00   4.1024E-01
   45.6138   1.4347E+00   4.2159E-01
   46.1468   1.4530E+00   4.3130E-01
   46.6860   1.4741E+00   4.3631E-01
   47.2315   1.4935E+00   4.3624E-01
   47.7834   1.5108E+00   4.3432E-01
   48.3417   1.5265E+00   4.3128E-01
   48.9065   1.5402E+00   4.2749E-01
   49.4780   1.5521E+00   4.2421E-01
   50.0561   1.5636E+00   4.2225E-01
   50.6410   1.5760E+00   4.2036E-01
   51.2327   1.5888E+00   4.1803E-01
   51.8313   1.6021E+00   4.1486E-01
   52.4369   1.6160E+00   4.0988E-01
   53.0496   1.6289E+00   4.0240E-01
   53.6695   1.6397E+00   3.9365E-01
   54.2966   1.6484E+00   3.8427E-01
   54.9310   1.6549E+00   3.7497E-01
   55.5728   1.6593E+00   3.6673E-01
   56.2222   1.6625E+00   3.6024E-01
   56.8791   1.6653E+00   3.5517E-01
   57.5437   1.6680E+00   3.5161E-01
   58.2161   1.6711E+00   3.4940E-01
   58.8963   1.6751E+00   3.4832E-01
   59.5844   1.6803E+00   3.4784E-01
   60.2806   1.6869E+00   3.4744E-01
   60.9850   1.6949E+00   3.4652E-01
   61.6976   1.7039E+00   3.4441E-01
   62.4185   1.7134E+00   3.4076E-01
   63.1478   1.7227E+00   3.3555E-01
   63.8856   1.7315E+00   3.2883E-01
   64.6321   1.7391E+00   3.2067E-01
   65.3873   1.7447E+00   3.1158E-01
   66.1513   1.7481E+00   3.0276E-01
   66.9242   1.7495E+00   2.9503E-01
   67.7062   1.7497E+00   2.8975E-01
   68.4973   1.7506E+00   2.8696E-01
   69.2977   1.7529E+00   2.8562E-01
   70.1074   1.7572E+00   2.8483E-01
   70.9265   1.7633E+00   2.8318E-01
   71.7552   1.7701E+00   2.8043E-01
   72.5937   1.7775E+00   2.7666E-01
   73.4419   1.7849E+00   2.7189E-01
   74.3000   1.7927E+00   2.6626E-01
   75.1682   1.8006E+00   2.5933E-01
   76.0464   1.8082E+00   2.5093E-01
   76.9350   1.8150E+00   2.4080E-01
   77.8339   1.8201E+00   2.2945E-01
   78.7434   1.8233E+00   2.1759E-01
   79.6635   1.8246E+00   2.0609E-01
   80.5943   1.8248E+00   1.9538E-01
   81.5360   1.8244E+00   1.8511E-01
   82.4887   1.8234E+00   1.7487E-01
   83.4525   1.8207E+00   1.6443E-01
   84.4276   1.8163E+00   1.5493E-01
   85.4141   1.8102E+00   1.4791E-01
   86.4121   1.8053E+00   1.4386E-01
   87.4218   1.8030E+00   1.4001E-01
   88.4432   1.8019E+00   1.3232E-01
   89.4766   1.7942E+00   1.2013E-01
   90.5221   1.7759E+00   1.1428E-01
   91.5798   1.7546E+00   1.2597E-01
   92.6499   1.7509E+00   1.5810E-01
   93.7324   1.7779E+00   1.8390E-01
   94.8276   1.8201E+00   1.7738E-01
   95.9356   1.8443E+00   1.3951E-01
   97.0566   1.8370E+00   9.8280E-02
   98.1906   1.8096E+00   7.7411E-02
   99.3379   1.7869E+00   8.0542E-02
  100.4986   1.7787E+00   8.9803E-02
  101.6729   1.7806E+00   9.4884E-02
  102.8609   1.7801E+00   8.5571E-02
  104.0627   1.7739E+00   8.5218E-02
  105.2787   1.7703E+00   8.4824E-02
  106.5088   1.7674E+00   8.4388E-02
  107.7533   1.7650E+00   8.3840E-02
  109.0123   1.7628E+00   8.3330E-02
  110.2860   1.7608E+00   8.2843E-02
  111.5747   1.7591E+00   8.2362E-02
  112.8783   1.7575E+00   8.1891E-02
  114.1973   1.7560E+00   8.1417E-02
  115.5316   1.7547E+00   8.0945E-02
  116.8815   1.7535E+00   8.0475E-02
  118.2472   1.7524E+00   8.0009E-02
  119.6288   1.7514E+00   7.9545E-02
  121.0266   1.7504E+00   7.9083E-02
  122.4408   1.7496E+00   7.8625E-02
  123.8714   1.7488E+00   7.8171E-02
  125.3188   1.7480E+00   7.7718E-02
  126.7830   1.7474E+00   7.7268E-02
  128.2644   1.7467E+00   7.6821E-02
  129.7631   1.7461E+00   7.6376E-02
  131.2793   1.7456E+00   7.5933E-02
  132.8132   1.7451E+00   7.5494E-02
  134.3651   1.7447E+00   7.5056E-02
  135.9350   1.7442E+00   7.4621E-02
  137.5234   1.7439E+00   7.4189E-02
  139.1302   1.7435E+00   7.3760E-02
  140.7559   1.7432E+00   7.3332E-02
  142.4005   1.7429E+00   7.2907E-02
  144.0644   1.7426E+00   7.2486E-02
  145.7477   1.7424E+00   7.2066E-02
  147.4507   1.7421E+00   7.1648E-02
  149.1736   1.7419E+00   7.1234E-02
  150.9165   1.7417E+00   7.0821E-02
  152.6799   1.7416E+00   7.0411E-02
  154.4639   1.7414E+00   7.0003E-02
  156.2687   1.7413E+00   6.9597E-02
  158.0946   1.7412E+00   6.9195E-02
  159.9419   1.7411E+00   6.8794E-02
  161.8107   1.7410E+00   6.8395E-02
  163.7013   1.7409E+00   6.7999E-02
  165.6141   1.7409E+00   6.7605E-02
  167.5492   1.7408E+00   6.7214E-02
  169.5069   1.7408E+00   6.6825E-02
  171.4875   1.7408E+00   6.6437E-02
  173.4912   1.7408E+00   6.6053E-02
  175.5184   1.7408E+00   6.5670E-02
  177.5692   1.7408E+00   6.5290E-02
  179.6440   1.7408E+00   6.4912E-02
  181.7430   1.7408E+00   6.4536E-02
  183.8666   1.7409E+00   6.4162E-02
  186.0149   1.7409E+00   6.3790E-02
  188.1884   1.7410E+00   6.3421E-02
  190.3873   1.7411E+00   6.3054E-02
  192.6118   1.7411E+00   6.2689E-02
  194.8624   1.7412E+00   6.2326E-02
  197.1392   1.7413E+00   6.1965E-02
  199.4427   1.7414E+00   6.1606E-02
  201.7730   1.7415E+00   6.1249E-02
  204.1306   1.7416E+00   6.0894E-02
  206.5158   1.7417E+00   6.0541E-02
  208.9288   1.7418E+00   6.0191E-02
  211.3700   1.7419E+00   5.9842E-02
  213.8397   1.7420E+00   5.9496E-02
  216.3383   1.7421E+00   5.9151E-02
  218.8661   1.7423E+00   5.8809E-02
  221.4234   1.7424E+00   5.8468E-02
  224.0106   1.7425E+00   5.8129E-02
  226.6280   1.7427E+00   5.7793E-02
  229.2760   1.7428E+00   5.7458E-02
  231.9550   1.7430E+00   5.7125E-02
  234.6653   1.7431E+00   5.6794E-02
  237.4072   1.7433E+00   5.6465E-02
  240.1811   1.7434E+00   5.6139E-02
  242.9875   1.7436E+00   5.5813E-02
  245.8267   1.7437E+00   5.5490E-02
  248.6990   1.7439E+00   5.5169E-02
  251.6049   1.7441E+00   5.4849E-02
  254.5448   1.7442E+00   5.4532E-02
  257.5190   1.7444E+00   5.4216E-02
  260.5279   1.7446E+00   5.3902E-02
  263.5720   1.7448E+00   5.3590E-02
  266.6517   1.7449E+00   5.3279E-02
  269.7674   1.7451E+00   5.2971E-02
  272.9194   1.7453E+00   5.2664E-02
  276.1083   1.7455E+00   5.2359E-02
  279.3345   1.7457E+00   5.2056E-02
  282.5983   1.7458E+00   5.1754E-02
  285.9003   1.7460E+00   5.1454E-02
  289.2409   1.7462E+00   5.1156E-02
  292.6205   1.7464E+00   5.0860E-02
  296.0396   1.7466E+00   5.0566E-02
  299.4986   1.7468E+00   5.0273E-02
  302.9981   1.7470E+00   4.9982E-02
  306.5385   1.7472E+00   4.9692E-02
  310.1201   1.7474E+00   4.9404E-02
  313.7437   1.7475E+00   4.9118E-02
  317.4096   1.7477E+00   4.8834E-02
  321.1184   1.7479E+00   4.8551E-02
  324.8705   1.7481E+00   4.8270E-02
  328.6664   1.7483E+00   4.7990E-02
  332.5066   1.7485E+00   4.7712E-02
  336.3918   1.7487E+00   4.7436E-02
  340.3223   1.7489E+00   4.7161E-02
  344.2988   1.7491E+00   4.6888E-02
  348.3217   1.7493E+00   4.6617E-02
  352.3916   1.7495E+00   4.6347E-02
  356.5091   1.7497E+00   4.6078E-02
  360.6747   1.7499E+00   4.5811E-02
  364.8889   1.7501E+00   4.5546E-02
  369.1524   1.7503E+00   4.5282E-02
  373.4658   1.7505E+00   4.5020E-02
  377.8295   1.7507E+00   4.4759E-02
  382.2442   1.7509E+00   4.4500E-02
  386.7105   1.7511E+00   4.4242E-02
  391.2290   1.7513E+00   4.3986E-02
  395.8002   1.7515E+00   4.3731E-02
  400.4249   1.7517E+00   4.3478E-02
  405.1036   1.7519E+00   4.3226E-02
  409.8370   1.7521E+00   4.2976E-02
  414.6257   1.7523E+00   4.2727E-02
  419.4704   1.7525E+00   4.2480E-02
  424.3716   1.7527E+00   4.2233E-02
  429.3302   1.7529E+00   4.1989E-02
  434.3466   1.7531E+00   4.1746E-02
  439.4217   1.7533E+00   4.1504E-02
  444.5561   1.7535E+00   4.1264E-02
  449.7505   1.7537E+00   4.1025E-02
  455.0055   1.7539E+00   4.0787E-02
  460.3220   1.7541E+00   4.0551E-02
  465.7006   1.7543E+00   4.0316E-02
  471.1420   1.7544E+00   4.0082E-02
  476.6470   1.7546E+00   3.9850E-02
  482.2163   1.7548E+00   3.9620E-02
  487.8507   1.7550E+00   3.9390E-02
  493.5510   1.7552E+00   3.9162E-02
  499.3178   1.7554E+00   3.8935E-02
  505.1520   1.7556E+00   3.8710E-02
  511.0544   1.7558E+00   3.8485E-02
  517.0258   1.7560E+00   3.8263E-02
  523.0669   1.7562E+00   3.8041E-02
  529.1786   1.7564E+00   3.7821E-02
  535.3618   1.7566E+00   3.7602E-02
  541.6171   1.7567E+00   3.7384E-02
  547.9456   1.7569E+00   3.7167E-02
  554.3480   1.7571E+00   3.6952E-02
  560.8253   1.7573E+00   3.6738E-02
  567.3782   1.7575E+00   3.6525E-02
  574.0076   1.7577E+00   3.6314E-02
  580.7145   1.7579E+00   3.6104E-02
  587.4999   1.7580E+00   3.5894E-02
  594.3644   1.7582E+00   3.5687E-02
  601.3092   1.7584E+00   3.5480E-02
  608.3351   1.7586E+00   3.5274E-02
  615.4432   1.7588E+00   3.5070E-02
  622.6343   1.7590E+00   3.4867E-02
  629.9094   1.7591E+00   3.4665E-02
  637.2695   1.7593E+00   3.4464E-02
  644.7156   1.7595E+00   3.4265E-02
  652.2487   1.7597E+00   3.4066E-02
  659.8698   1.7599E+00   3.3869E-02
  667.5800   1.7600E+00   3.3673E-02
  675.3802   1.7602E+00   3.3478E-02
  683.2717   1.7604E+00   3.3284E-02
  691.2553   1.7606E+00   3.3091E-02
  699.3322   1.7607E+00   3.2899E-02
  707.5035   1.7609E+00   3.2709E-02
  715.7702   1.7611E+00   3.2519E-02
  724.1335   1.7613E+00   3.2331E-02
  732.5946   1.7614E+00   3.2144E-02
  741.1545   1.7616E+00   3.1958E-02
  749.8145   1.7618E+00   3.1773E-02
  758.5756   1.7619E+00   3.1589E-02
  767.4391   1.7621E+00   3.1406E-02
  776.4061   1.7623E+00   3.1224E-02
  785.4780   1.7624E+00   3.1043E-02
  794.6558   1.7626E+00   3.0863E-02
  803.9409   1.7628E+00   3.0684E-02
  813.3345   1.7629E+00   3.0507E-02
  822.8378   1.7631E+00   3.0330E-02
  832.4521   1.7633E+00   3.0154E-02
  842.1788   1.7634E+00   2.9980E-02
  852.0192   1.7636E+00   2.9806E-02
  861.9745   1.7638E+00   2.9633E-02
  872.0461   1.7639E+00   2.9462E-02
  882.2355   1.7641E+00   2.9291E-02
  892.5439   1.7642E+00   2.9122E-02
  902.9727   1.7644E+00   2.8953E-02
  913.5234   1.7645E+00   2.8785E-02
  924.1973   1.7647E+00   2.8619E-02
  934.9960   1.7649E+00   2.8453E-02
  945.9209   1.7650E+00   2.8288E-02
  956.9734   1.7652E+00   2.8124E-02
  968.1550   1.7653E+00   2.7961E-02
  979.4673   1.7655E+00   2.7799E-02
  990.9119   1.7656E+00   2.7638E-02
 1002.4901   1.7658E+00   2.7478E-02
 1014.2036   1.7659E+00   2.7319E-02
 1026.0538   1.7661E+00   2.7161E-02
 1038.0427   1.7662E+00   2.7004E-02
 1050.1716   1.7664E+00   2.6847E-02
 1062.4423   1.7665E+00   2.6692E-02
 1074.8562   1.7667E+00   2.6537E-02
 1087.4153   1.7668E+00   2.6384E-02
 1100.1211   1.7670E+00   2.6231E-02
 1112.9752   1.7671E+00   2.6079E-02
 1125.9797   1.7673E+00   2.5928E-02
 1139.1361   1.7674E+00   2.5778E-02
 1152.4463   1.7676E+00   2.5628E-02
 1165.9119   1.7677E+00   2.5480E-02
 1179.5348   1.7678E+00   2.5332E-02
 1193.3170   1.7680E+00   2.5186E-02
 1207.2601   1.7681E+00   2.5040E-02
 1221.3662   1.7683E+00   2.4895E-02
 1235.6372   1.7684E+00   2.4751E-02
 1250.0748   1.7685E+00   2.4607E-02
 1264.6813   1.7687E+00   2.4465E-02
 1279.4583   1.7688E+00   2.4323E-02
 1294.4080   1.7689E+00   2.4182E-02
 1309.5323   1.7691E+00   2.4042E-02
 1324.8334   1.7692E+00   2.3903E-02
 1340.3132   1.7693E+00   2.3764E-02
 1355.9740   1.7695E+00   2.3627E-02
 1371.8177   1.7696E+00   2.3490E-02
 1387.8467   1.7697E+00   2.3354E-02
 1404.0627   1.7699E+00   2.3219E-02
 1420.4684   1.7700E+00   2.3084E-02
 1437.0657   1.7701E+00   2.2951E-02
 1453.8569   1.7703E+00   2.2818E-02
 1470.8444   1.7704E+00   2.2685E-02
 1488.0303   1.7705E+00   2.2554E-02
 1505.4170   1.7707E+00   2.2423E-02
 1523.0070   1.7708E+00   2.2294E-02
 1540.8024   1.7709E+00   2.2165E-02
 1558.8057   1.7710E+00   2.2036E-02
 1577.0194   1.7712E+00   2.1908E-02
 1595.4459   1.7713E+00   2.1782E-02
 1614.0876   1.7714E+00   2.1655E-02
 1632.9474   1.7715E+00   2.1530E-02
 1652.0273   1.7716E+00   2.1405E-02
 1671.3302   1.7718E+00   2.1281E-02
 1690.8588   1.7719E+00   2.1158E-02
 1710.6154   1.7720E+00   2.1036E-02
 1730.6029   1.7721E+00   2.0914E-02
 1750.8240   1.7722E+00   2.0793E-02
 1771.2812   1.7724E+00   2.0672E-02
 1791.9777   1.7725E+00   2.0552E-02
 1812.9158   1.7726E+00   2.0433E-02
 1834.0986   1.7727E+00   2.0315E-02
 1855.5289   1.7728E+00   2.0198E-02
 1877.2097   1.7729E+00   2.0080E-02
 1899.1437   1.7731E+00   1.9964E-02
 1921.3341   1.7732E+00   1.9849E-02
 1943.7837   1.7733E+00   1.9734E-02
 1966.4956   1.7734E+00   1.9619E-02
 1989.4729   1.7735E+00   1.9506E-02
 2012.7188   1.7736E+00   1.9393E-02
 2036.2361   1.7737E+00   1.9280E-02
 2060.0283   1.7738E+00   1.9169E-02
 2084.0984   1.7740E+00   1.9058E-02
 2108.4500   1.7741E+00   1.8947E-02
 2133.0859   1.7742E+00   1.8838E-02
 2158.0098   1.7743E+00   1.8728E-02
 2183.2246   1.7744E+00   1.8620E-02
 2208.7344   1.7745E+00   1.8512E-02
 2234.5420   1.7746E+00   1.8405E-02
 2260.6514   1.7747E+00   1.8298E-02
 2287.0657   1.7748E+00   1.8192E-02
 2313.7886   1.7749E+00   1.8087E-02
 2340.8237   1.7750E+00   1.7982E-02
 2368.1750   1.7751E+00   1.7878E-02
 2395.8457   1.7752E+00   1.7775E-02
 2423.8396   1.7753E+00   1.7672E-02
 2452.1606   1.7754E+00   1.7569E-02
 2480.8127   1.7755E+00   1.7468E-02
 2509.7996   1.7756E+00   1.7366E-02
 2539.1250   1.7757E+00   1.7266E-02
 2568.7932   1.7758E+00   1.7166E-02
 2598.8079   1.7759E+00   1.7066E-02
 2629.1733   1.7760E+00   1.6968E-02
 2659.8938   1.7761E+00   1.6869E-02
 2690.9729   1.7762E+00   1.6772E-02
 2722.4153   1.7763E+00   1.6675E-02
 2754.2251   1.7764E+00   1.6578E-02
 2786.4065   1.7765E+00   1.6482E-02
 2818.9641   1.7766E+00   1.6386E-02
 2851.9019   1.7767E+00   1.6291E-02
 2885.2246   1.7768E+00   1.6197E-02
 2918.9368   1.7769E+00   1.6103E-02
 2953.0427   1.7770E+00   1.6010E-02
 2987.5474   1.7771E+00   1.5918E-02
 3022.4551   1.7772E+00   1.5825E-02
 3057.7705   1.7773E+00   1.5734E-02
 3093.4988   1.7773E+00   1.5643E-02
 3129.6443   1.7774E+00   1.5552E-02
 3166.2124   1.7775E+00   1.5462E-02
 3203.2075   1.7776E+00   1.5372E-02
 3240.6353   1.7777E+00   1.5283E-02
 3278.5000   1.7778E+00   1.5195E-02
 3316.8074   1.7779E+00   1.5107E-02
 3355.5623   1.7780E+00   1.5019E-02
 3394.7698   1.7781E+00   1.4932E-02
 3434.4358   1.7781E+00   1.4846E-02
 3474.5649   1.7782E+00   1.4760E-02
 3515.1631   1.7783E+00   1.4674E-02
 3556.2358   1.7784E+00   1.4589E-02
 3597.7881   1.7785E+00   1.4505E-02
 3639.8262   1.7786E+00   1.4421E-02
 3682.3552   1.7787E+00   1.4337E-02
 3725.3813   1.7787E+00   1.4254E-02
 3768.9102   1.7788E+00   1.4172E-02
 3812.9478   1.7789E+00   1.4090E-02
 3857.4995   1.7790E+00   1.4008E-02
 3902.5723   1.7791E+00   1.3927E-02
 3948.1714   1.7791E+00   1.3846E-02
 3994.3032   1.7792E+00   1.3766E-02
 4040.9744   1.7793E+00   1.3686E-02
 4088.1907   1.7794E+00   1.3607E-02
 4135.9585   1.7795E+00   1.3528E-02
 4184.2847   1.7796E+00   1.3450E-02
 4233.1758   1.7796E+00   1.3372E-02
 4282.6377   1.7797E+00   1.3295E-02
 4332.6777   1.7798E+00   1.3218E-02
 4383.3027   1.7799E+00   1.3141E-02
 4434.5186   1.7799E+00   1.3065E-02
 4486.3335   1.7800E+00   1.2989E-02
 4538.7534   1.7801E+00   1.2914E-02
 4591.7861   1.7802E+00   1.2839E-02
 4645.4385   1.7802E+00   1.2765E-02
 4699.7173   1.7803E+00   1.2691E-02
 4754.6309   1.7804E+00   1.2618E-02
 4810.1855   1.7805E+00   1.2545E-02
 4866.3896   1.7805E+00   1.2472E-02
 4923.2505   1.7806E+00   1.2400E-02
 4980.7759   1.7807E+00   1.2328E-02
 5038.9731   1.7808E+00   1.2256E-02
 5097.8506   1.7808E+00   1.2185E-02
 5157.4160   1.7809E+00   1.2115E-02
 5217.6772   1.7810E+00   1.2045E-02
 5278.6426   1.7811E+00   1.1975E-02
 5340.3203   1.7811E+00   1.1906E-02
 5402.7188   1.7812E+00   1.1837E-02
 5465.8462   1.7813E+00   1.1768E-02
 5529.7109   1.7813E+00   1.1700E-02
 5594.3223   1.7814E+00   1.1632E-02
 5659.6890   1.7815E+00   1.1565E-02
 5725.8188   1.7816E+00   1.1498E-02
 5792.7217   1.7816E+00   1.1431E-02
 5860.4058   1.7817E+00   1.1365E-02
 5928.8813   1.7818E+00   1.1299E-02
 5998.1567   1.7818E+00   1.1234E-02
 6068.2412   1.7819E+00   1.1169E-02
 6139.1450   1.7820E+00   1.1104E-02
 6210.8774   1.7820E+00   1.1040E-02
 6283.4478   1.7821E+00   1.0976E-02
 6356.8657   1.7822E+00   1.0912E-02
 6431.1421   1.7822E+00   1.0849E-02
 6506.2861   1.7823E+00   1.0786E-02
 6582.3081   1.7824E+00   1.0724E-02
 6659.2183   1.7824E+00   1.0662E-02
 6737.0273   1.7825E+00   1.0600E-02
 6815.7451   1.7826E+00   1.0538E-02
 6895.3833   1.7826E+00   1.0477E-02
 6975.9517   1.7827E+00   1.0417E-02
 7057.4614   1.7828E+00   1.0356E-02
 7139.9233   1.7828E+00   1.0296E-02
 7223.3491   1.7829E+00   1.0237E-02
 7307.7495   1.7830E+00   1.0178E-02
 7393.1362   1.7830E+00   1.0119E-02
 7479.5205   1.7831E+00   1.0060E-02
 7566.9141   1.7832E+00   1.0002E-02
 7655.3291   1.7832E+00   9.9438E-03
 7744.7769   1.7833E+00   9.8862E-03
 7835.2700   1.7834E+00   9.8290E-03
 7926.8203   1.7834E+00   9.7720E-03
 8019.4404   1.7835E+00   9.7154E-03
 8113.1426   1.7836E+00   9.6592E-03
 8207.9395   1.7836E+00   9.6032E-03
 8303.8447   1.7837E+00   9.5476E-03
 8400.8701   1.7838E+00   9.4923E-03
 8499.0293   1.7838E+00   9.4373E-03
 8598.3350   1.7839E+00   9.3827E-03
 8698.8008   1.7840E+00   9.3284E-03
 8800.4414   1.7840E+00   9.2743E-03
 8903.2695   1.7841E+00   9.2206E-03
 9007.2988   1.7842E+00   9.1672E-03
 9112.5430   1.7842E+00   9.1141E-03
 9219.0176   1.7843E+00   9.0613E-03
 9326.7363   1.7844E+00   9.0089E-03
 9435.7139   1.7844E+00   8.9567E-03
 9545.9648   1.7845E+00   8.9048E-03
 9657.5029   1.7846E+00   8.8532E-03
 9770.3447   1.7847E+00   8.8020E-03
 9884.5059   1.7848E+00   8.7510E-03
10000.0000   1.7848E+00   8.7003E-03
